ID	Control1	Control2	Control3	Control4	Control5	Control6	Control7	Control8	Control9	Control10	Control11	Control12	Control13	Control14
OTU1			3.027835052		1			2.642375169	3.122807018	9.741293532	11.10396975		6.637288136	7.251851852
OTU100			1.009278351			2.300822562				4.870646766	7.402646503	3.054602184	2.212429379	
OTU1002	3.931726908	2.935532234	3.027835052	6.11875		2.300822562						3.054602184	2.212429379	18.12962963
OTU1004											3.701323251	15.27301092	4.424858757	10.87777778
OTU1006									3.122807018	29.2238806	11.10396975	15.27301092	28.76158192	47.13703704
OTU1007		2.935532234	7.064948454	3.059375	1	4.601645123								3.625925926
OTU10096		2.935532234		3.059375	2				6.245614035		3.701323251			
OTU10115		2.935532234				2.300822562	3.007680492						2.212429379	
OTU1012		5.871064468			1	2.300822562		2.642375169		14.6119403	3.701323251			
OTU1014			7.064948454	3.059375	2	4.601645123		7.927125506	3.122807018					3.625925926
OTU1016			4.037113402		3	2.300822562	9.023041475		9.368421053					3.625925926
OTU10162			1.009278351	3.059375	2				3.122807018					
OTU10164	3.931726908	2.935532234	1.009278351		1									
OTU1018			5.046391753	3.059375	5	11.50411281	3.007680492					3.054602184	4.424858757	3.625925926
OTU10183	3.931726908		1.009278351		1			2.642375169			3.701323251		8.849717514	7.251851852
OTU102				3.059375		2.300822562	3.007680492	2.642375169					4.424858757	3.625925926
OTU10212			3.027835052	3.059375					6.245614035		3.701323251		2.212429379	7.251851852
OTU10221			1.009278351	3.059375		2.300822562	6.015360983							
OTU10260			2.018556701	6.11875	3			5.284750337	6.245614035					
OTU10270		2.935532234	1.009278351	9.178125				2.642375169						
OTU1028										14.6119403	3.701323251		11.06214689	14.5037037
OTU10285	3.931726908				2	4.601645123		2.642375169					2.212429379	
OTU10288		2.935532234						2.642375169	3.122807018				6.637288136	
OTU10292	3.931726908	2.935532234								4.870646766		6.109204368		
OTU10294		2.935532234	2.018556701		4	2.300822562								
OTU10295			2.018556701		2		3.007680492	5.284750337	3.122807018					
OTU1031			1.009278351	9.178125	4				9.368421053	4.870646766	11.10396975	3.054602184	2.212429379	7.251851852
OTU1035		2.935532234			3	4.601645123		2.642375169		58.44776119	44.41587902	18.3276131	22.12429379	25.38148148
OTU10356		2.935532234	1.009278351							4.870646766			4.424858757	
OTU10360					1	2.300822562		2.642375169				3.054602184		
OTU10382			1.009278351	3.059375		6.902467685			3.122807018					
OTU1040			1.009278351	3.059375	2				6.245614035					7.251851852
OTU1049								13.21187584	15.61403509	24.35323383	3.701323251		2.212429379	10.87777778
OTU10513			1.009278351	3.059375	4			5.284750337				3.054602184		
OTU10570											7.402646503	6.109204368	4.424858757	3.625925926
OTU10582	3.931726908	2.935532234			2	2.300822562		7.927125506				12.21840874		3.625925926
OTU106			2.018556701							4.870646766			6.637288136	3.625925926
OTU1060		5.871064468		6.11875	1			2.642375169		14.6119403	3.701323251	6.109204368	2.212429379	10.87777778
OTU1061		2.935532234			3	2.300822562	3.007680492							
OTU10612						2.300822562				4.870646766		6.109204368	2.212429379	3.625925926
OTU10634								2.642375169		9.741293532	3.701323251	3.054602184	2.212429379	3.625925926
OTU1065			2.018556701		1						3.701323251	15.27301092		7.251851852
OTU1068		2.935532234	5.046391753		4	2.300822562	3.007680492		3.122807018			9.163806552		
OTU10685										4.870646766	7.402646503	3.054602184		3.625925926
OTU107		2.935532234	2.018556701		2				3.122807018			3.054602184	2.212429379	
OTU1071									9.368421053	9.741293532	3.701323251			3.625925926
OTU1072	11.79518072		3.027835052	3.059375	3	2.300822562			3.122807018	9.741293532	14.80529301	3.054602184	6.637288136	10.87777778
OTU1073			4.037113402			6.902467685	3.007680492	2.642375169		9.741293532		3.054602184		7.251851852
OTU10749	3.931726908			3.059375	2			2.642375169						
OTU1076		2.935532234			2	4.601645123	3.007680492						4.424858757	7.251851852
OTU10761		5.871064468	3.027835052	6.11875	1									
OTU10775		2.935532234				2.300822562		2.642375169	6.245614035			3.054602184	2.212429379	
OTU1080							3.007680492	2.642375169				3.054602184	2.212429379	3.625925926
OTU1083						4.601645123		7.927125506		4.870646766			4.424858757	3.625925926
OTU1085		2.935532234			1	2.300822562			3.122807018			3.054602184		3.625925926
OTU10858	3.931726908	2.935532234	1.009278351		1								2.212429379	
OTU1086					5			2.642375169				3.054602184		3.625925926
OTU1087			1.009278351	3.059375						4.870646766			2.212429379	
OTU1088	3.931726908				1			2.642375169	3.122807018		3.701323251			7.251851852
OTU1089	3.931726908	2.935532234	7.064948454		6	2.300822562	3.007680492	2.642375169	15.61403509			9.163806552		3.625925926
OTU1090			4.037113402	6.11875	6				3.122807018			3.054602184		3.625925926
OTU1091					2			2.642375169				3.054602184	2.212429379	7.251851852
OTU10910			1.009278351					5.284750337				3.054602184	2.212429379	
OTU10925	7.863453815				1			2.642375169				3.054602184	4.424858757	
OTU1094			1.009278351							24.35323383	25.90926276	12.21840874	11.06214689	14.5037037
OTU10965			1.009278351					2.642375169			3.701323251	3.054602184	2.212429379	
OTU10972										9.741293532		3.054602184	2.212429379	3.625925926
OTU10973	15.72690763	2.935532234								4.870646766		6.109204368	4.424858757	
OTU1098		2.935532234							3.122807018			3.054602184		3.625925926
OTU10980		2.935532234			1	2.300822562						15.27301092	2.212429379	
OTU111	3.931726908	20.54872564	6.055670103	3.059375	4	6.902467685	12.03072197	7.927125506	9.368421053	4.870646766	3.701323251	6.109204368	13.27457627	14.5037037
OTU1111					1		3.007680492	5.284750337	6.245614035		7.402646503		4.424858757	
OTU11110	3.931726908		1.009278351		2				3.122807018					
OTU11124	7.863453815		3.027835052								3.701323251		2.212429379	
OTU11184	3.931726908	2.935532234			1				3.122807018					
OTU11209	3.931726908							2.642375169	3.122807018			3.054602184		
OTU1121			2.018556701		1							3.054602184	2.212429379	3.625925926
OTU11244			2.018556701						3.122807018	4.870646766	3.701323251			
OTU1126			1.009278351	21.415625	2	2.300822562			3.122807018					3.625925926
OTU1136		2.935532234				4.601645123		5.284750337	3.122807018		7.402646503	6.109204368	8.849717514	18.12962963
OTU114		5.871064468				16.10575793	15.03840246	10.56950067	3.122807018		11.10396975		2.212429379	
OTU11401			1.009278351		6					4.870646766	7.402646503		4.424858757	3.625925926
OTU11406	3.931726908		2.018556701				3.007680492	5.284750337						
OTU1141		2.935532234	1.009278351			2.300822562				14.6119403		6.109204368	2.212429379	
OTU11421	3.931726908	2.935532234	4.037113402	6.11875	1				3.122807018					
OTU1144		2.935532234	11.10206186	3.059375	9	46.01645123	51.13056836	10.56950067	9.368421053	4.870646766	7.402646503	24.43681747	6.637288136	3.625925926
OTU11459			1.009278351	6.11875	1		3.007680492							
OTU1146		2.935532234		3.059375		2.300822562		2.642375169						
OTU1151					1					14.6119403	3.701323251			18.12962963
OTU1152		2.935532234	2.018556701	6.11875	2	2.300822562		2.642375169	3.122807018	4.870646766	14.80529301	6.109204368	4.424858757	3.625925926
OTU1153		14.67766117	5.046391753	3.059375	3		3.007680492	2.642375169						
OTU1160						2.300822562				4.870646766			2.212429379	3.625925926
OTU1166			2.018556701		3	6.902467685			3.122807018					
OTU117										14.6119403	7.402646503	6.109204368	4.424858757	3.625925926
OTU1171			1.009278351		1	4.601645123		2.642375169	9.368421053	14.6119403	3.701323251	3.054602184	8.849717514	3.625925926
OTU1174			1.009278351				3.007680492	5.284750337	6.245614035		3.701323251			
OTU1177								2.642375169	3.122807018		7.402646503	3.054602184	6.637288136	7.251851852
OTU11775								5.284750337	3.122807018		3.701323251		4.424858757	3.625925926
OTU11781									3.122807018	4.870646766	7.402646503		2.212429379	3.625925926
OTU11827			1.009278351							14.6119403	3.701323251		2.212429379	
OTU1184		2.935532234									3.701323251	3.054602184	11.06214689	
OTU11915								2.642375169	6.245614035		3.701323251		2.212429379	
OTU1196	3.931726908		2.018556701		3	6.902467685	6.015360983	2.642375169	3.122807018					
OTU11970		2.935532234	1.009278351		2				9.368421053		11.10396975			
OTU12			1.009278351			2.300822562			3.122807018		3.701323251	3.054602184		
OTU12005			1.009278351		1							3.054602184	2.212429379	
OTU1201			1.009278351	9.178125						4.870646766		27.49141966		3.625925926
OTU12025		2.935532234			1							3.054602184	2.212429379	
OTU12096		17.6131934			2			2.642375169				3.054602184	2.212429379	
OTU12105		2.935532234	1.009278351		5							3.054602184	2.212429379	
OTU12141			4.037113402	3.059375	3		3.007680492		3.122807018					
OTU12142	3.931726908				1	2.300822562	3.007680492	2.642375169						
OTU1215		2.935532234						7.927125506		4.870646766		3.054602184	2.212429379	3.625925926
OTU1218	3.931726908	5.871064468			1	6.902467685	3.007680492							
OTU12214	3.931726908			3.059375	1	2.300822562	6.015360983							
OTU1229			2.018556701									12.21840874	2.212429379	32.63333333
OTU12309			1.009278351				18.04608295	2.642375169	3.122807018	4.870646766				
OTU1242			3.027835052		1			2.642375169	3.122807018	14.6119403	18.50661626	6.109204368	11.06214689	
OTU1244	3.931726908	2.935532234			4		3.007680492			9.741293532	3.701323251		4.424858757	3.625925926
OTU1246	27.52208835	41.09745127	11.10206186	6.11875	13		3.007680492	10.56950067	6.245614035		3.701323251	6.109204368	2.212429379	10.87777778
OTU1254			1.009278351						3.122807018		3.701323251	3.054602184		3.625925926
OTU1261				3.059375	1							3.054602184	2.212429379	
OTU1270			1.009278351		6	2.300822562		2.642375169						
OTU1272						2.300822562	3.007680492		3.122807018				8.849717514	3.625925926
OTU1274					1			2.642375169		14.6119403	3.701323251		4.424858757	
OTU12820	3.931726908					2.300822562		2.642375169		4.870646766	3.701323251			
OTU12875	3.931726908				1			2.642375169					2.212429379	
OTU1288		2.935532234	2.018556701	6.11875	3	2.300822562	6.015360983			4.870646766		3.054602184	2.212429379	
OTU1298			7.064948454	3.059375	7			2.642375169						
OTU13								7.927125506			3.701323251	3.054602184	4.424858757	
OTU1303			2.018556701		3	4.601645123	3.007680492						2.212429379	
OTU1305	15.72690763		9.083505155	15.296875	11									
OTU13063	27.52208835	5.871064468	1.009278351								3.701323251			
OTU13115	3.931726908		3.027835052		1			2.642375169						
OTU13152			2.018556701	3.059375	2	4.601645123		2.642375169	3.122807018					
OTU1317			1.009278351		2	2.300822562	3.007680492		6.245614035					
OTU13179							3.007680492	23.78137652	18.73684211			6.109204368		
OTU13180					1			7.927125506	3.122807018					3.625925926
OTU13243		2.935532234	1.009278351	3.059375		4.601645123								
OTU13257							3.007680492		3.122807018			3.054602184		3.625925926
OTU1329		20.54872564	5.046391753		3					14.6119403		3.054602184	2.212429379	3.625925926
OTU1331					1			2.642375169		4.870646766		18.3276131		3.625925926
OTU13311	7.863453815		7.064948454	3.059375	2				3.122807018					
OTU1332		2.935532234	2.018556701	3.059375	2									
OTU13404	3.931726908	2.935532234				4.601645123					7.402646503			
OTU13508			1.009278351			2.300822562		2.642375169					4.424858757	
OTU13525			1.009278351	3.059375	1								2.212429379	
OTU1354				3.059375			3.007680492	2.642375169		4.870646766		3.054602184		
OTU1356	3.931726908					2.300822562			3.122807018	43.8358209		12.21840874		3.625925926
OTU13610			1.009278351	3.059375	5	9.203290247								
OTU1365				3.059375	1					9.741293532	7.402646503	3.054602184	4.424858757	3.625925926
OTU1367	3.931726908				1			2.642375169		9.741293532	29.61058601		4.424858757	
OTU13682	3.931726908	2.935532234			1		3.007680492							
OTU1377	3.931726908							2.642375169		9.741293532	3.701323251		4.424858757	
OTU1380		2.935532234			2					4.870646766	7.402646503		2.212429379	
OTU1381										19.48258706	14.80529301	3.054602184	2.212429379	
OTU1382					1			2.642375169		29.2238806	18.50661626	3.054602184	6.637288136	3.625925926
OTU1388					3		3.007680492	2.642375169	3.122807018	19.48258706	40.71455577	12.21840874	17.69943503	7.251851852
OTU139								2.642375169		4.870646766			8.849717514	3.625925926
OTU1400		2.935532234			1					4.870646766		3.054602184		
OTU1401										19.48258706	3.701323251	3.054602184	6.637288136	14.5037037
OTU14044						2.300822562	6.015360983	2.642375169		4.870646766				
OTU1412					1					4.870646766	18.50661626		2.212429379	
OTU1413										9.741293532	11.10396975	3.054602184	2.212429379	3.625925926
OTU1416					1					14.6119403	3.701323251		2.212429379	3.625925926
OTU1419		2.935532234	1.009278351		4					4.870646766		3.054602184		3.625925926
OTU14198		5.871064468	1.009278351	3.059375	3				3.122807018		3.701323251			
OTU14211			2.018556701		2				3.122807018				2.212429379	
OTU1423	19.65863454	2.935532234	2.018556701		1	4.601645123		10.56950067		4.870646766			2.212429379	7.251851852
OTU1425					1		3.007680492			29.2238806	3.701323251		2.212429379	
OTU1427			1.009278351		1			2.642375169		4.870646766				
OTU14293			1.009278351		1	6.902467685								3.625925926
OTU14297					1	2.300822562		5.284750337						14.5037037
OTU14316				6.11875			3.007680492	2.642375169						3.625925926
OTU1433			1.009278351	3.059375	4	2.300822562				9.741293532	3.701323251		8.849717514	
OTU14345		5.871064468				2.300822562	3.007680492				7.402646503			3.625925926
OTU1435										4.870646766	7.402646503	3.054602184		3.625925926
OTU1438	3.931726908	2.935532234	1.009278351		1		3.007680492			4.870646766				3.625925926
OTU1439			1.009278351							4.870646766	7.402646503			3.625925926
OTU14425						2.300822562					3.701323251		2.212429379	3.625925926
OTU14445					1					4.870646766			4.424858757	3.625925926
OTU14476	3.931726908		1.009278351		1									3.625925926
OTU1457										29.2238806	22.20793951	3.054602184	2.212429379	
OTU1469			1.009278351		5				3.122807018	24.35323383				
OTU147	3.931726908		1.009278351		1				3.122807018	34.09452736	29.61058601			3.625925926
OTU1470										14.6119403	25.90926276	9.163806552	8.849717514	3.625925926
OTU14703		2.935532234		3.059375	4	2.300822562								
OTU1474				3.059375						9.741293532	3.701323251	3.054602184		
OTU14751		5.871064468	2.018556701		3	2.300822562								
OTU1484										9.741293532	22.20793951	3.054602184		3.625925926
OTU14872		2.935532234		3.059375	1				3.122807018					
OTU1493	3.931726908				1			2.642375169		4.870646766				
OTU1495		2.935532234	2.018556701	3.059375						4.870646766	3.701323251			
OTU1496	3.931726908		5.046391753	6.11875						4.870646766	11.10396975	6.109204368	2.212429379	
OTU1498	3.931726908	2.935532234	2.018556701		1		6.015360983	2.642375169		19.48258706	11.10396975	9.163806552	19.91186441	7.251851852
OTU15036					2	2.300822562		2.642375169					2.212429379	
OTU1506	3.931726908	2.935532234	2.018556701				3.007680492		3.122807018	4.870646766		6.109204368		
OTU1509		2.935532234	1.009278351	3.059375	2					4.870646766		6.109204368	2.212429379	
OTU15096	3.931726908	2.935532234				2.300822562	3.007680492		3.122807018					
OTU1510	3.931726908	20.54872564	3.027835052	6.11875	8	11.50411281	21.05376344	5.284750337	9.368421053				2.212429379	
OTU1511	3.931726908	2.935532234			1				3.122807018					
OTU1513			4.037113402	15.296875	9	2.300822562								
OTU152						2.300822562	6.015360983	26.42375169	6.245614035	14.6119403		3.054602184		
OTU1522		17.6131934	5.046391753	3.059375	7	4.601645123			3.122807018			9.163806552	2.212429379	
OTU15242	27.52208835				2		3.007680492	2.642375169						
OTU1527					1		3.007680492	5.284750337	3.122807018					
OTU1528					1			7.927125506	6.245614035				2.212429379	
OTU1533	7.863453815	14.67766117	1.009278351	6.11875	4		9.023041475							
OTU15360			1.009278351			2.300822562	6.015360983							3.625925926
OTU1537			5.046391753		2			23.78137652	15.61403509			9.163806552	2.212429379	
OTU1539			2.018556701		2		3.007680492	2.642375169						
OTU15394			2.018556701			2.300822562					7.402646503	6.109204368		
OTU1540		2.935532234						2.642375169	3.122807018			3.054602184		
OTU15416	3.931726908		1.009278351			2.300822562	3.007680492							
OTU15422		5.871064468		9.178125								6.109204368	2.212429379	
OTU15445			1.009278351	3.059375	1							3.054602184		
OTU1546			3.027835052	3.059375	1	2.300822562			3.122807018					
OTU15477			4.037113402		1	2.300822562		2.642375169						
OTU1548	11.79518072	2.935532234		3.059375		2.300822562	3.007680492	2.642375169	6.245614035			3.054602184	2.212429379	
OTU1550	3.931726908		2.018556701	24.475	2			2.642375169	6.245614035				4.424858757	
OTU1552			3.027835052	3.059375	3	4.601645123	6.015360983	13.21187584					2.212429379	
OTU156	3.931726908	5.871064468	1.009278351			2.300822562								
OTU1560	19.65863454	2.935532234	2.018556701		1								2.212429379	
OTU1561			1.009278351	3.059375		2.300822562		2.642375169						
OTU1569			1.009278351								3.701323251		2.212429379	3.625925926
OTU1582	3.931726908		7.064948454			2.300822562	3.007680492	5.284750337	15.61403509					
OTU1583		5.871064468	1.009278351		6			2.642375169	6.245614035					
OTU1585	3.931726908		2.018556701	3.059375	1									
OTU1586	3.931726908		1.009278351	6.11875	10		3.007680492	7.927125506	9.368421053		7.402646503		4.424858757	
OTU15877					1			2.642375169			3.701323251		2.212429379	
OTU159		2.935532234	1.009278351		1	2.300822562	15.03840246	5.284750337		63.31840796	133.2476371	6.109204368	37.61129944	3.625925926
OTU1594	11.79518072		2.018556701	3.059375		9.203290247	3.007680492	7.927125506	3.122807018					7.251851852
OTU1602	15.72690763	5.871064468	26.24123711		1	9.203290247	9.023041475	2.642375169	9.368421053			6.109204368	6.637288136	10.87777778
OTU1621					1				3.122807018		7.402646503	6.109204368	4.424858757	
OTU16234			1.009278351		1							3.054602184	2.212429379	
OTU1627	39.31726908			3.059375	3	2.300822562	9.023041475	39.63562753	6.245614035		3.701323251			
OTU163	7.863453815	2.935532234		3.059375	3	2.300822562					3.701323251	3.054602184	2.212429379	10.87777778
OTU16322		2.935532234	1.009278351	6.11875	1									
OTU16378	3.931726908	5.871064468				2.300822562	3.007680492		3.122807018					
OTU16379				3.059375				2.642375169	3.122807018				2.212429379	
OTU1643					3	4.601645123	3.007680492	2.642375169	9.368421053				2.212429379	18.12962963
OTU1646						2.300822562	3.007680492				7.402646503			3.625925926
OTU16485							3.007680492	2.642375169	3.122807018		3.701323251		2.212429379	
OTU1661		2.935532234	2.018556701	9.178125	2		3.007680492							
OTU167										24.35323383	44.41587902	12.21840874	8.849717514	10.87777778
OTU1676	3.931726908	2.935532234	4.037113402	3.059375		2.300822562			6.245614035				6.637288136	
OTU16761		2.935532234	1.009278351			2.300822562		2.642375169						
OTU16810		2.935532234	2.018556701	3.059375				5.284750337						
OTU1683			1.009278351		1	9.203290247			9.368421053					
OTU1684		2.935532234	1.009278351	3.059375	1								4.424858757	
OTU1685			1.009278351	6.11875	1		3.007680492	2.642375169						
OTU1686	3.931726908		2.018556701		3			5.284750337	6.245614035					
OTU1689			2.018556701		4					14.6119403	11.10396975	6.109204368	13.27457627	3.625925926
OTU1693			2.018556701		1		3.007680492	7.927125506	3.122807018					
OTU17		2.935532234			1	2.300822562	6.015360983			4.870646766		3.054602184	8.849717514	10.87777778
OTU17029			1.009278351	3.059375	6	4.601645123								
OTU17052			1.009278351	3.059375	1								2.212429379	
OTU1709	3.931726908	2.935532234			1	4.601645123	3.007680492		3.122807018			3.054602184		
OTU1713	3.931726908		2.018556701		1	9.203290247	3.007680492	2.642375169						
OTU1714	3.931726908	5.871064468			1		12.03072197							
OTU1715			2.018556701							4.870646766	7.402646503			7.251851852
OTU172		2.935532234	1.009278351				3.007680492					3.054602184		
OTU1720										4.870646766	7.402646503	3.054602184		3.625925926
OTU1722	3.931726908				2								2.212429379	3.625925926
OTU17256	3.931726908					2.300822562	3.007680492	2.642375169						
OTU1729	3.931726908	2.935532234	7.064948454	3.059375	9	2.300822562					3.701323251			3.625925926
OTU173			2.018556701		1		6.015360983				3.701323251		2.212429379	
OTU1731	3.931726908	2.935532234	7.064948454	3.059375	4			2.642375169	6.245614035		3.701323251	6.109204368		
OTU1734	7.863453815		2.018556701		1									3.625925926
OTU17348			2.018556701	6.11875	2	6.902467685								3.625925926
OTU17370	3.931726908	2.935532234			2	2.300822562								
OTU174		2.935532234				2.300822562		2.642375169						3.625925926
OTU1750		2.935532234	3.027835052		4		3.007680492	2.642375169	6.245614035					
OTU1751					1			5.284750337	6.245614035			6.109204368		
OTU17555	3.931726908		1.009278351	3.059375	2	20.70740306								
OTU1758		2.935532234	1.009278351		1		3.007680492							
OTU1759	3.931726908		1.009278351	12.2375	4			18.49662618	15.61403509		3.701323251			
OTU176		2.935532234			3				3.122807018	4.870646766			2.212429379	
OTU1760	3.931726908	2.935532234	1.009278351		1		3.007680492							
OTU1766		2.935532234	1.009278351	3.059375				2.642375169	3.122807018					
OTU1769	3.931726908				1	2.300822562	3.007680492				3.701323251			
OTU177	23.59036145	8.806596702		3.059375	5				6.245614035	14.6119403	25.90926276		24.33672316	
OTU17820			2.018556701		1	6.902467685		2.642375169						
OTU17826	3.931726908		4.037113402					5.284750337	3.122807018			3.054602184		
OTU17869					1					4.870646766	3.701323251		2.212429379	
OTU1789			2.018556701		3	2.300822562	3.007680492	5.284750337	6.245614035		3.701323251			
OTU17906		2.935532234	1.009278351	3.059375	1									
OTU17924		2.935532234								4.870646766		3.054602184	2.212429379	
OTU17940		2.935532234	1.009278351									6.109204368		3.625925926
OTU1796	7.863453815	5.871064468		3.059375	2	4.601645123			21.85964912					
OTU1797	3.931726908		11.10206186		5		3.007680492							
OTU1800	7.863453815		4.037113402		8	4.601645123								
OTU1814	3.931726908	2.935532234	6.055670103	15.296875	7			2.642375169						
OTU18175			3.027835052	15.296875	1	2.300822562								3.625925926
OTU1822	3.931726908		4.037113402	6.11875	4		3.007680492							
OTU18244					2	2.300822562						3.054602184	4.424858757	
OTU1831	11.79518072	2.935532234	3.027835052	3.059375	2	2.300822562								
OTU1836	7.863453815		1.009278351	3.059375	2	2.300822562			3.122807018				2.212429379	
OTU18379	3.931726908	2.935532234	1.009278351	6.11875										
OTU1851	3.931726908			9.178125			6.015360983	2.642375169	3.122807018			3.054602184		
OTU1856			3.027835052			2.300822562					3.701323251	3.054602184		3.625925926
OTU1857	3.931726908		35.32474227	21.415625	29									
OTU1858	23.59036145	2.935532234	2.018556701	3.059375	2			5.284750337	3.122807018			3.054602184	2.212429379	10.87777778
OTU1862		2.935532234	4.037113402	3.059375	6	18.40658049	12.03072197	7.927125506	3.122807018				2.212429379	
OTU18639	3.931726908			3.059375	2									3.625925926
OTU18664			1.009278351					13.21187584				3.054602184	4.424858757	3.625925926
OTU18688						2.300822562		2.642375169	3.122807018			3.054602184		
OTU1870	3.931726908			3.059375		6.902467685	3.007680492	2.642375169			3.701323251			
OTU18733			1.009278351		2			2.642375169	3.122807018			3.054602184		
OTU1885	7.863453815		1.009278351	3.059375	1								2.212429379	
OTU1890		2.935532234	1.009278351	3.059375	5		6.015360983					3.054602184		
OTU1895			1.009278351		8		3.007680492						2.212429379	
OTU18998	3.931726908			3.059375			3.007680492		3.122807018					
OTU19008		2.935532234				2.300822562		2.642375169	3.122807018					
OTU19025		2.935532234			4			5.284750337	6.245614035					
OTU1903		5.871064468	3.027835052		2		9.023041475		6.245614035			3.054602184	2.212429379	
OTU19035	15.72690763		1.009278351		1			7.927125506	3.122807018					
OTU1905		2.935532234	1.009278351		8			2.642375169				3.054602184		
OTU1906		5.871064468	7.064948454	6.11875	4	6.902467685	3.007680492	5.284750337	3.122807018			6.109204368	2.212429379	
OTU1907						2.300822562	3.007680492		3.122807018				6.637288136	
OTU19095	3.931726908	2.935532234							6.245614035			3.054602184		
OTU1921			1.009278351			4.601645123	3.007680492	2.642375169						
OTU19215		2.935532234	1.009278351						3.122807018			3.054602184		
OTU1933			9.083505155	3.059375	7		3.007680492							
OTU19472	3.931726908			3.059375				2.642375169			3.701323251			
OTU1949			2.018556701	3.059375	1		3.007680492	2.642375169					2.212429379	
OTU1951		2.935532234			2		3.007680492		3.122807018		3.701323251			3.625925926
OTU1959			1.009278351			6.902467685	3.007680492		3.122807018				2.212429379	
OTU196	3.931726908		5.046391753		6	2.300822562	3.007680492						2.212429379	
OTU1960		2.935532234		12.2375	2		3.007680492							
OTU1962			6.055670103	3.059375	5		3.007680492							
OTU1965		2.935532234		3.059375	3						3.701323251	3.054602184		7.251851852
OTU1969					1	2.300822562	3.007680492	5.284750337					2.212429379	3.625925926
OTU1971	7.863453815		1.009278351		8	2.300822562	3.007680492							
OTU1977			2.018556701		1		3.007680492					9.163806552		
OTU198			2.018556701		2	2.300822562		2.642375169		4.870646766		6.109204368		3.625925926
OTU1980		2.935532234	3.027835052		4	4.601645123	3.007680492				3.701323251			
OTU1987					1		3.007680492	2.642375169			3.701323251			
OTU1994											3.701323251	6.109204368	2.212429379	7.251851852
OTU1998	7.863453815	2.935532234	2.018556701	9.178125	1		3.007680492	5.284750337						
OTU2002			1.009278351					2.642375169	9.368421053					3.625925926
OTU2007			2.018556701		2	4.601645123							2.212429379	3.625925926
OTU2012	3.931726908	8.806596702	7.064948454		7						3.701323251		2.212429379	
OTU2030					2		3.007680492			9.741293532	3.701323251	3.054602184	4.424858757	
OTU20358			2.018556701			2.300822562	3.007680492	5.284750337						
OTU2036	3.931726908		5.046391753		3	2.300822562								
OTU2040			1.009278351	3.059375	2	6.902467685	12.03072197							
OTU20453						11.50411281				4.870646766	3.701323251	3.054602184		
OTU2052		2.935532234		3.059375	3	2.300822562	3.007680492					15.27301092		
OTU2053			1.009278351		1	2.300822562		5.284750337			3.701323251		4.424858757	
OTU2063				6.11875	3							6.109204368	2.212429379	
OTU2065	3.931726908		1.009278351		2	9.203290247	3.007680492							
OTU2071			1.009278351			4.601645123	6.015360983	2.642375169	3.122807018			9.163806552		
OTU2072			3.027835052	3.059375	3								2.212429379	
OTU2073	3.931726908		1.009278351	6.11875	2	2.300822562		2.642375169	3.122807018				2.212429379	
OTU20898			2.018556701		1			2.642375169	3.122807018				2.212429379	
OTU20990			2.018556701	6.11875			3.007680492		9.368421053			3.054602184		
OTU2100	3.931726908	5.871064468	3.027835052	3.059375	3		3.007680492	2.642375169			7.402646503		2.212429379	
OTU21072						2.300822562	3.007680492	2.642375169					6.637288136	3.625925926
OTU21177			1.009278351	3.059375							3.701323251		2.212429379	7.251851852
OTU2119					1			2.642375169		4.870646766		3.054602184	2.212429379	
OTU212										4.870646766	7.402646503		2.212429379	3.625925926
OTU21215	3.931726908		2.018556701		1						3.701323251		4.424858757	
OTU2128				3.059375		2.300822562		5.284750337			3.701323251		2.212429379	
OTU2135	3.931726908		2.018556701	6.11875	2	4.601645123		5.284750337	12.49122807	4.870646766			2.212429379	3.625925926
OTU2139										4.870646766		3.054602184	17.69943503	7.251851852
OTU214							3.007680492			4.870646766	3.701323251	6.109204368	6.637288136	
OTU2142	3.931726908		1.009278351	3.059375	4	2.300822562					3.701323251		4.424858757	3.625925926
OTU21473	3.931726908		1.009278351			2.300822562	3.007680492							
OTU2151		2.935532234	2.018556701		2	6.902467685			3.122807018					
OTU2152	7.863453815	2.935532234	1.009278351	3.059375	2	2.300822562								
OTU2159					1	2.300822562		2.642375169	3.122807018					3.625925926
OTU216										4.870646766	7.402646503		2.212429379	3.625925926
OTU2165	3.931726908		6.055670103		8	2.300822562	9.023041475	5.284750337	3.122807018				2.212429379	3.625925926
OTU2167			1.009278351					2.642375169			7.402646503	6.109204368	4.424858757	
OTU2177		2.935532234	1.009278351		3					4.870646766	7.402646503		4.424858757	
OTU2184				6.11875	1	2.300822562		7.927125506		4.870646766		3.054602184	2.212429379	3.625925926
OTU2191						2.300822562					3.701323251	12.21840874	13.27457627	
OTU2195		2.935532234		3.059375	4	4.601645123				4.870646766	3.701323251	3.054602184	11.06214689	14.5037037
OTU2197			1.009278351		1	2.300822562		2.642375169			3.701323251			
OTU21974			1.009278351	3.059375	2		3.007680492							
OTU220		8.806596702						2.642375169		4.870646766	14.80529301	12.21840874	11.06214689	7.251851852
OTU2202	3.931726908			3.059375	4	2.300822562						6.109204368		3.625925926
OTU2205	3.931726908		4.037113402	9.178125	12	2.300822562	3.007680492					9.163806552	15.48700565	7.251851852
OTU22053			1.009278351		1	4.601645123				4.870646766				
OTU22055	3.931726908							5.284750337			3.701323251		2.212429379	
OTU2206										4.870646766	22.20793951		6.637288136	3.625925926
OTU2208	3.931726908	2.935532234	1.009278351	3.059375	2	9.203290247		2.642375169				6.109204368	4.424858757	3.625925926
OTU221	3.931726908	5.871064468	1.009278351	6.11875	4	9.203290247	9.023041475							
OTU2213			4.037113402		1						7.402646503	6.109204368		
OTU2217					2	2.300822562		2.642375169	3.122807018			9.163806552		
OTU223	3.931726908	2.935532234	5.046391753	12.2375	4	2.300822562			3.122807018	38.96517413	18.50661626	3.054602184		
OTU2232		5.871064468	2.018556701		1		6.015360983	5.284750337	6.245614035			3.054602184		
OTU22366		2.935532234						5.284750337		4.870646766				3.625925926
OTU2244			5.046391753	6.11875	6		21.05376344	5.284750337		4.870646766	3.701323251			
OTU225			2.018556701	3.059375	3	18.40658049	9.023041475			4.870646766		12.21840874	6.637288136	
OTU226			1.009278351			4.601645123		5.284750337				3.054602184	6.637288136	
OTU2260	3.931726908	2.935532234	8.074226804		11			5.284750337			3.701323251	9.163806552	28.76158192	3.625925926
OTU2263			3.027835052		1		3.007680492				3.701323251		13.27457627	
OTU2280	3.931726908		8.074226804		4	2.300822562								
OTU2283	3.931726908	5.871064468	13.12061856	3.059375	13									
OTU2290		11.74212894	1.009278351		2	2.300822562								
OTU2304	15.72690763		3.027835052	3.059375	7									
OTU2305			1.009278351		1								2.212429379	3.625925926
OTU2307			1.009278351							4.870646766	7.402646503		2.212429379	7.251851852
OTU2308	3.931726908		1.009278351		3				3.122807018					
OTU2309			9.083505155		1		3.007680492	5.284750337						
OTU2310		2.935532234	4.037113402	6.11875	1	2.300822562								
OTU2329	3.931726908	5.871064468	9.083505155	9.178125	10	4.601645123								
OTU233			4.037113402	3.059375	1			2.642375169					8.849717514	3.625925926
OTU2338			4.037113402		2	2.300822562						6.109204368	4.424858757	
OTU23439			1.009278351			2.300822562	6.015360983						2.212429379	
OTU2348	3.931726908	2.935532234	1.009278351		1	4.601645123								
OTU235	3.931726908		7.064948454		7	9.203290247			3.122807018					10.87777778
OTU2351			1.009278351		2			5.284750337				3.054602184	2.212429379	
OTU23530							3.007680492	7.927125506	3.122807018			3.054602184	2.212429379	
OTU2358			1.009278351					7.927125506	6.245614035					14.5037037
OTU2360			1.009278351				6.015360983	7.927125506	6.245614035					
OTU2361			5.046391753	3.059375	1	2.300822562			3.122807018				2.212429379	
OTU23618	3.931726908		2.018556701	6.11875	1								2.212429379	3.625925926
OTU2366			7.064948454	6.11875	2									3.625925926
OTU2371	3.931726908		1.009278351	3.059375		2.300822562								
OTU2374			1.009278351		1			2.642375169	3.122807018			6.109204368		
OTU23816					2				3.122807018			9.163806552	2.212429379	
OTU2383		5.871064468	2.018556701		1	6.902467685	6.015360983	2.642375169	3.122807018	9.741293532	3.701323251	9.163806552	11.06214689	7.251851852
OTU2398			6.055670103		9		3.007680492		3.122807018			3.054602184	11.06214689	
OTU2400			1.009278351		2		6.015360983	2.642375169						
OTU2404		2.935532234	1.009278351	15.296875				5.284750337	3.122807018			6.109204368	4.424858757	3.625925926
OTU2406			1.009278351						3.122807018			3.054602184	2.212429379	
OTU242	11.79518072	2.935532234	6.055670103	9.178125	13	4.601645123		5.284750337		4.870646766		3.054602184		
OTU2424			1.009278351		1	2.300822562						3.054602184		
OTU243					1			2.642375169			3.701323251		2.212429379	3.625925926
OTU246	3.931726908	8.806596702	23.21340206	70.365625	26	39.11398355	60.15360983	7.927125506	15.61403509	4.870646766	7.402646503	18.3276131	2.212429379	14.5037037
OTU24649			1.009278351	3.059375		2.300822562	3.007680492	2.642375169						
OTU247	3.931726908	2.935532234	2.018556701											3.625925926
OTU248	3.931726908		3.027835052		6		3.007680492	15.85425101	3.122807018			6.109204368	2.212429379	
OTU2484		2.935532234	4.037113402	6.11875	9									
OTU2487			1.009278351	3.059375	3	2.300822562		2.642375169					4.424858757	
OTU2488			2.018556701		2	2.300822562	3.007680492		3.122807018			18.3276131	2.212429379	
OTU249		8.806596702	14.12989691	6.11875	12	20.70740306	27.06912442	10.56950067	3.122807018				2.212429379	
OTU2494		2.935532234	2.018556701		1	2.300822562	3.007680492	2.642375169						
OTU250	35.38554217	8.806596702	7.064948454	33.653125	4	2.300822562	6.015360983	5.284750337	6.245614035	9.741293532	7.402646503	12.21840874	4.424858757	
OTU2511			1.009278351			13.80493537						3.054602184	2.212429379	
OTU2516	3.931726908					4.601645123		2.642375169				3.054602184		
OTU2522					2	2.300822562	6.015360983	2.642375169					2.212429379	
OTU253			18.16701031	18.35625	9	2.300822562	3.007680492					3.054602184		
OTU2530	3.931726908				2	20.70740306	3.007680492	2.642375169	9.368421053					
OTU2533	3.931726908		3.027835052	3.059375					3.122807018					3.625925926
OTU2539		2.935532234	1.009278351		2				9.368421053			3.054602184		
OTU25459	3.931726908		1.009278351		1				3.122807018					
OTU2570		2.935532234	2.018556701						3.122807018			3.054602184		
OTU258				6.11875	1	2.300822562		2.642375169	6.245614035		3.701323251		2.212429379	
OTU2585	3.931726908	8.806596702			3	2.300822562	6.015360983							
OTU25851	3.931726908			12.2375									4.424858757	3.625925926
OTU2590		5.871064468	1.009278351	6.11875	2	2.300822562	3.007680492							
OTU2603		2.935532234	1.009278351			6.902467685	3.007680492							3.625925926
OTU2605	3.931726908	2.935532234			2	4.601645123	6.015360983	5.284750337					2.212429379	
OTU2606	3.931726908	2.935532234	29.26907216	6.11875	16	11.50411281	9.023041475	2.642375169	3.122807018		7.402646503		2.212429379	
OTU262		2.935532234	1.009278351					2.642375169	3.122807018	9.741293532				
OTU263			2.018556701		2		3.007680492	2.642375169						3.625925926
OTU264	3.931726908	5.871064468	66.61237113	48.95	34	2.300822562	3.007680492	29.06612686	40.59649123	4.870646766	3.701323251	12.21840874	2.212429379	10.87777778
OTU2651		2.935532234	1.009278351		1			2.642375169						
OTU2664		2.935532234		3.059375	1	2.300822562			3.122807018					
OTU267	3.931726908	8.806596702	3.027835052	12.2375	2	2.300822562								
OTU268	11.79518072		1.009278351	3.059375	4		6.015360983					3.054602184		3.625925926
OTU2681		2.935532234	2.018556701					7.927125506					2.212429379	
OTU2702			2.018556701			2.300822562	3.007680492					3.054602184	2.212429379	
OTU2706							6.015360983	2.642375169	3.122807018		3.701323251			
OTU27108		2.935532234			1			2.642375169		4.870646766				
OTU2725	3.931726908	2.935532234	14.12989691	3.059375	9	2.300822562								
OTU2733			1.009278351		1		3.007680492		3.122807018					
OTU274	3.931726908		4.037113402			2.300822562	6.015360983							3.625925926
OTU2744								5.284750337	3.122807018		3.701323251	3.054602184		
OTU277	15.72690763	20.54872564	63.58453608	18.35625	25	11.50411281	15.03840246	10.56950067	28.10526316		3.701323251		8.849717514	3.625925926
OTU2774		5.871064468			4				3.122807018					3.625925926
OTU279	3.931726908		2.018556701		3	2.300822562	3.007680492	2.642375169					6.637288136	
OTU2792			2.018556701		1			2.642375169					2.212429379	3.625925926
OTU2809	7.863453815	5.871064468	1.009278351			6.902467685	3.007680492				3.701323251			
OTU2837	3.931726908	8.806596702	15.13917526	3.059375	11	9.203290247	18.04608295				3.701323251	6.109204368	2.212429379	3.625925926
OTU285	3.931726908	2.935532234	9.083505155	12.2375	7	2.300822562	3.007680492			4.870646766	11.10396975	15.27301092	22.12429379	7.251851852
OTU2851			1.009278351	3.059375	2	6.902467685	6.015360983	2.642375169	3.122807018					
OTU2860		2.935532234			2		3.007680492							3.625925926
OTU287					1			5.284750337	3.122807018			3.054602184	2.212429379	
OTU2880	11.79518072	2.935532234	1.009278351		1	2.300822562		2.642375169	6.245614035					
OTU2890			2.018556701		1	2.300822562		2.642375169					2.212429379	
OTU290	11.79518072		2.018556701		1			7.927125506	6.245614035		7.402646503	3.054602184	6.637288136	3.625925926
OTU2906						4.601645123	3.007680492	2.642375169	6.245614035					
OTU2918			3.027835052	6.11875				2.642375169			3.701323251		13.27457627	3.625925926
OTU2919					1				3.122807018			6.109204368	2.212429379	
OTU29311		2.935532234			3	2.300822562						3.054602184	2.212429379	
OTU2938					1		3.007680492	2.642375169	9.368421053		3.701323251		2.212429379	
OTU2941					2	2.300822562		5.284750337		14.6119403	3.701323251		13.27457627	
OTU2943				6.11875						4.870646766	3.701323251		8.849717514	
OTU2945		2.935532234	3.027835052		1						3.701323251	6.109204368		3.625925926
OTU295	3.931726908	2.935532234	1.009278351					2.642375169						
OTU2968				3.059375	1		3.007680492						4.424858757	
OTU297		2.935532234	3.027835052				3.007680492		3.122807018					
OTU2973			3.027835052		1							3.054602184	4.424858757	3.625925926
OTU299	3.931726908	11.74212894	30.27835052	15.296875	23		3.007680492							
OTU2999			1.009278351	3.059375	1	9.203290247	18.04608295							
OTU3		2.935532234				2.300822562		7.927125506		4.870646766	3.701323251		6.637288136	
OTU301		5.871064468	1.009278351		2	2.300822562		7.927125506	9.368421053				13.27457627	
OTU3017										9.741293532	3.701323251		4.424858757	7.251851852
OTU3022					1						11.10396975	6.109204368	6.637288136	
OTU305			1.009278351		2		3.007680492			4.870646766		3.054602184		
OTU30650		2.935532234				2.300822562						3.054602184		3.625925926
OTU307		5.871064468	2.018556701		3		3.007680492			4.870646766	3.701323251			
OTU3077	3.931726908	2.935532234	1.009278351	6.11875	7				6.245614035		7.402646503	3.054602184		3.625925926
OTU308	7.863453815	14.67766117	9.083505155	3.059375	1	9.203290247	18.04608295	2.642375169			3.701323251	3.054602184	4.424858757	3.625925926
OTU3090			1.009278351		1	2.300822562	3.007680492							
OTU3114											7.402646503	6.109204368	2.212429379	3.625925926
OTU3129			1.009278351		1			2.642375169	3.122807018			3.054602184	2.212429379	3.625925926
OTU313		8.806596702	1.009278351	3.059375	4	2.300822562		5.284750337	6.245614035			3.054602184		
OTU3138			1.009278351	3.059375	2			2.642375169						
OTU314	11.79518072	11.74212894		3.059375		2.300822562	3.007680492			4.870646766		12.21840874	2.212429379	3.625925926
OTU3140		5.871064468	1.009278351		2		3.007680492		6.245614035				2.212429379	
OTU3141			1.009278351	3.059375	2	16.10575793								
OTU3143				3.059375	3			5.284750337	15.61403509		7.402646503	12.21840874	2.212429379	
OTU3147	3.931726908		3.027835052		2			2.642375169				3.054602184	4.424858757	
OTU3165					3	4.601645123	3.007680492	2.642375169						
OTU3168		11.74212894	11.10206186	21.415625	3			2.642375169						3.625925926
OTU3170		2.935532234	2.018556701		1								2.212429379	
OTU31721			1.009278351	3.059375	1	2.300822562								
OTU318			1.009278351		1	2.300822562	3.007680492							
OTU3180			1.009278351			2.300822562				4.870646766	7.402646503			
OTU3182						2.300822562	3.007680492				7.402646503	6.109204368	4.424858757	
OTU3187	3.931726908	2.935532234			1								2.212429379	
OTU319		5.871064468	1.009278351	3.059375		6.902467685	18.04608295	2.642375169				6.109204368	2.212429379	
OTU3194			1.009278351	3.059375			6.015360983		3.122807018			3.054602184		
OTU3198		5.871064468			1			2.642375169	6.245614035					
OTU3203	7.863453815	5.871064468		3.059375			3.007680492		3.122807018		3.701323251			
OTU3230	3.931726908	20.54872564	7.064948454	9.178125	1		3.007680492	15.85425101	3.122807018		3.701323251		4.424858757	3.625925926
OTU3233		5.871064468	5.046391753	9.178125	5		6.015360983							
OTU3240		5.871064468	3.027835052		1	2.300822562		5.284750337	3.122807018					
OTU3243					2	4.601645123	18.04608295	15.85425101	6.245614035					
OTU3268			3.027835052		1	2.300822562			3.122807018				2.212429379	
OTU327		2.935532234	15.13917526	6.11875	8	20.70740306	3.007680492	2.642375169	6.245614035				2.212429379	
OTU3270				6.11875	1	2.300822562			9.368421053		3.701323251			
OTU3271				6.11875	2	4.601645123						3.054602184		
OTU3279					8	4.601645123		2.642375169	3.122807018	4.870646766		3.054602184		3.625925926
OTU3292			2.018556701		3			5.284750337	6.245614035		3.701323251	3.054602184	2.212429379	3.625925926
OTU33		8.806596702	1.009278351	3.059375	1			10.56950067		9.741293532		3.054602184		
OTU330	3.931726908	5.871064468			3	11.50411281		7.927125506	31.22807018	4.870646766	3.701323251	12.21840874	8.849717514	10.87777778
OTU3307	19.65863454	8.806596702			2		3.007680492							
OTU3347			3.027835052		5			7.927125506					2.212429379	
OTU335	3.931726908	5.871064468	1.009278351		1	2.300822562			12.49122807			3.054602184	2.212429379	3.625925926
OTU33556		2.935532234	1.009278351				6.015360983							3.625925926
OTU3359			2.018556701						3.122807018	4.870646766	3.701323251		2.212429379	
OTU3381	7.863453815	2.935532234	5.046391753	6.11875	4		9.023041475	2.642375169	3.122807018		3.701323251	3.054602184		
OTU339		2.935532234	2.018556701		2	2.300822562			6.245614035		7.402646503		6.637288136	
OTU3393		2.935532234	1.009278351	3.059375	3		3.007680492							
OTU34			3.027835052	3.059375	4					9.741293532				
OTU342		2.935532234	3.027835052	3.059375	1	4.601645123			9.368421053			6.109204368	4.424858757	
OTU3425			1.009278351			9.203290247			3.122807018				2.212429379	
OTU343		8.806596702	2.018556701	3.059375	3	2.300822562	3.007680492	5.284750337	3.122807018		3.701323251	6.109204368	11.06214689	10.87777778
OTU3431			5.046391753		1				3.122807018			3.054602184		
OTU3453				3.059375			3.007680492	2.642375169	3.122807018					
OTU346	3.931726908	2.935532234	2.018556701			2.300822562			3.122807018					
OTU3464			1.009278351				3.007680492	7.927125506	3.122807018					
OTU3468			1.009278351		3			10.56950067		4.870646766		3.054602184		7.251851852
OTU347	3.931726908	5.871064468	1.009278351	6.11875		2.300822562	6.015360983	7.927125506	6.245614035	4.870646766	3.701323251	3.054602184	4.424858757	18.12962963
OTU3478		2.935532234								19.48258706	29.61058601		4.424858757	
OTU348	3.931726908						3.007680492				3.701323251		2.212429379	
OTU3507					5	2.300822562	3.007680492				3.701323251		4.424858757	
OTU3532			1.009278351					10.56950067	3.122807018				2.212429379	
OTU354		2.935532234	1.009278351	6.11875									2.212429379	
OTU3541	7.863453815	2.935532234			1		3.007680492							
OTU3544	3.931726908	26.4197901	2.018556701		1	4.601645123	3.007680492		3.122807018		3.701323251			
OTU3549			2.018556701		2	4.601645123	3.007680492	2.642375169	12.49122807					
OTU3558				9.178125	5			2.642375169	12.49122807		18.50661626	15.27301092	6.637288136	7.251851852
OTU356	7.863453815	2.935532234	8.074226804		1								6.637288136	
OTU357		2.935532234			1		3.007680492				3.701323251			
OTU3577	3.931726908		4.037113402	12.2375	8									
OTU358	11.79518072		5.046391753		1		9.023041475	2.642375169	3.122807018				2.212429379	
OTU3582			1.009278351		1	2.300822562		2.642375169		9.741293532	11.10396975		6.637288136	3.625925926
OTU35961			1.009278351		1				3.122807018			3.054602184		
OTU361			4.037113402		1		6.015360983	2.642375169	3.122807018				2.212429379	3.625925926
OTU368			4.037113402	3.059375	5	6.902467685	9.023041475		6.245614035					
OTU3692		2.935532234									14.80529301	3.054602184	2.212429379	
OTU3696			1.009278351	9.178125	1							3.054602184	6.637288136	3.625925926
OTU37	11.79518072	20.54872564	8.074226804	12.2375	9	4.601645123	3.007680492	31.70850202	40.59649123	34.09452736	3.701323251	21.38221529	8.849717514	18.12962963
OTU3768			1.009278351		1				3.122807018				8.849717514	
OTU3792		2.935532234	2.018556701	3.059375	2	4.601645123	6.015360983	2.642375169	3.122807018					3.625925926
OTU3799		5.871064468	2.018556701	3.059375	3	4.601645123		5.284750337	3.122807018			12.21840874		
OTU38	3.931726908	5.871064468	1.009278351	3.059375	1		3.007680492					9.163806552	2.212429379	3.625925926
OTU380	3.931726908	5.871064468			2		6.015360983							
OTU3809	7.863453815	5.871064468	7.064948454	3.059375	1	2.300822562	3.007680492							
OTU3829	3.931726908			3.059375	1		3.007680492							
OTU383		2.935532234	2.018556701		3				6.245614035					
OTU3836			2.018556701	3.059375		2.300822562		2.642375169						
OTU384			1.009278351		3				3.122807018	4.870646766				
OTU3843	3.931726908	2.935532234			1					9.741293532		6.109204368	2.212429379	
OTU386		14.67766117	7.064948454	6.11875	11	25.30904818	21.05376344	5.284750337	9.368421053	4.870646766	3.701323251	6.109204368	2.212429379	10.87777778
OTU3899		5.871064468				2.300822562	3.007680492	7.927125506			3.701323251			
OTU3911				3.059375			3.007680492	2.642375169					4.424858757	
OTU3918			1.009278351		2			2.642375169				3.054602184		3.625925926
OTU392	3.931726908		1.009278351		1	2.300822562		5.284750337						
OTU3924			1.009278351		1					4.870646766			2.212429379	
OTU3926	7.863453815	2.935532234	1.009278351					2.642375169			3.701323251		2.212429379	
OTU3936			2.018556701		1	4.601645123						3.054602184	4.424858757	3.625925926
OTU394		2.935532234	6.055670103	3.059375	1								4.424858757	
OTU3948	7.863453815		4.037113402	6.11875		4.601645123		2.642375169	3.122807018		3.701323251	3.054602184		3.625925926
OTU3964			1.009278351									3.054602184	2.212429379	3.625925926
OTU3970					2	13.80493537	3.007680492	5.284750337						3.625925926
OTU398	43.24899598		2.018556701							9.741293532	11.10396975	15.27301092		
OTU4017											7.402646503	6.109204368	4.424858757	3.625925926
OTU4020			1.009278351	3.059375	1			5.284750337						
OTU4023		2.935532234				2.300822562			3.122807018				2.212429379	
OTU404						4.601645123	6.015360983		3.122807018				2.212429379	3.625925926
OTU4043				3.059375			3.007680492	13.21187584	6.245614035				4.424858757	3.625925926
OTU4075				3.059375	1							3.054602184	2.212429379	
OTU4107		2.935532234	1.009278351		15	2.300822562	24.06144393						2.212429379	
OTU4117								2.642375169			3.701323251	3.054602184	2.212429379	
OTU4118		2.935532234	2.018556701		2	4.601645123								14.5037037
OTU4126										4.870646766		3.054602184	2.212429379	3.625925926
OTU4128			1.009278351	3.059375	2			5.284750337						
OTU4151	3.931726908				1				6.245614035			3.054602184	4.424858757	3.625925926
OTU4169					1	2.300822562		2.642375169				3.054602184		
OTU4172			1.009278351		13		9.023041475	5.284750337	6.245614035					
OTU420		2.935532234	1.009278351		3	2.300822562			3.122807018	4.870646766			4.424858757	3.625925926
OTU4203	3.931726908	2.935532234		3.059375		4.601645123								
OTU4205	23.59036145		1.009278351	3.059375	5	6.902467685				4.870646766				
OTU4208		8.806596702	6.055670103	6.11875	2	11.50411281	3.007680492					6.109204368		7.251851852
OTU421			3.027835052	3.059375	2			2.642375169						
OTU4214		5.871064468	1.009278351			2.300822562			3.122807018		7.402646503	3.054602184		
OTU4216		2.935532234	5.046391753			2.300822562								3.625925926
OTU423	7.863453815	11.74212894	5.046391753	6.11875	5		6.015360983		3.122807018				2.212429379	
OTU4230			1.009278351		1							12.21840874		3.625925926
OTU4237					1			2.642375169	3.122807018				2.212429379	3.625925926
OTU4239		2.935532234		3.059375	1			2.642375169					2.212429379	
OTU4244	7.863453815						6.015360983	7.927125506				6.109204368		
OTU426			1.009278351		1			2.642375169					4.424858757	
OTU4272					1	2.300822562							2.212429379	10.87777778
OTU4279			1.009278351		2	2.300822562	3.007680492	2.642375169						
OTU4281			1.009278351		4	2.300822562	3.007680492	10.56950067	6.245614035	9.741293532			11.06214689	10.87777778
OTU4283		5.871064468			1		6.015360983	2.642375169			3.701323251			
OTU4287		2.935532234	1.009278351					2.642375169					2.212429379	
OTU4313								2.642375169		14.6119403	3.701323251		4.424858757	10.87777778
OTU4314		2.935532234					3.007680492	2.642375169			3.701323251			
OTU432			2.018556701	6.11875	5	2.300822562								
OTU4325		5.871064468	3.027835052		3	2.300822562		5.284750337					2.212429379	
OTU4330		2.935532234	1.009278351		3	6.902467685		5.284750337						
OTU4342	11.79518072		3.027835052		2	4.601645123			3.122807018			6.109204368		3.625925926
OTU4346	3.931726908		6.055670103		9	11.50411281	3.007680492							
OTU4350	3.931726908		3.027835052									3.054602184	4.424858757	
OTU4359	3.931726908		6.055670103	6.11875	3			7.927125506				6.109204368		10.87777778
OTU4376								10.56950067				3.054602184	6.637288136	3.625925926
OTU4384			2.018556701		2		3.007680492						2.212429379	
OTU4385		2.935532234	2.018556701		2	2.300822562	3.007680492							
OTU439	11.79518072	14.67766117	6.055670103	3.059375	8	2.300822562	6.015360983	2.642375169		4.870646766	3.701323251	3.054602184	6.637288136	7.251851852
OTU4400	3.931726908		8.074226804	3.059375	6	4.601645123		2.642375169	6.245614035			6.109204368	8.849717514	3.625925926
OTU4409	3.931726908		6.055670103	6.11875	3									
OTU4414	3.931726908	5.871064468	3.027835052	3.059375	4			5.284750337						
OTU4415			11.10206186		7	2.300822562		5.284750337						
OTU4421		5.871064468	3.027835052	6.11875	1		3.007680492	2.642375169						
OTU4441		2.935532234			2	2.300822562	9.023041475					3.054602184		
OTU4445			1.009278351					2.642375169	3.122807018	4.870646766		3.054602184		3.625925926
OTU445			10.09278351	12.2375	10	29.9106933	15.03840246	10.56950067				6.109204368		3.625925926
OTU4474						2.300822562	3.007680492			4.870646766				3.625925926
OTU4475			2.018556701	3.059375	2	2.300822562								
OTU4498		2.935532234		3.059375	1	2.300822562							2.212429379	
OTU4504		11.74212894		3.059375				2.642375169				3.054602184		
OTU4510	27.52208835	2.935532234	1.009278351		1				15.61403509					
OTU4511		5.871064468	8.074226804	3.059375	7									
OTU452	3.931726908		1.009278351		1		3.007680492				3.701323251			
OTU455	11.79518072	26.4197901	14.12989691	9.178125	13	4.601645123	3.007680492	7.927125506				6.109204368	17.69943503	32.63333333
OTU4563		2.935532234						2.642375169	3.122807018			9.163806552	2.212429379	10.87777778
OTU457	3.931726908	2.935532234				2.300822562	3.007680492							
OTU4579		2.935532234			1		3.007680492					6.109204368		
OTU458	3.931726908			3.059375		2.300822562	3.007680492	2.642375169	3.122807018					
OTU461	3.931726908		4.037113402		2					4.870646766		3.054602184	4.424858757	
OTU462			5.046391753	3.059375	2	2.300822562			3.122807018					3.625925926
OTU4627			1.009278351		1		3.007680492		6.245614035	4.870646766				
OTU463			1.009278351		4	4.601645123	9.023041475		3.122807018					
OTU4639	7.863453815	8.806596702							6.245614035			3.054602184	2.212429379	
OTU464	3.931726908	2.935532234	9.083505155	6.11875	2	6.902467685	3.007680492	2.642375169	9.368421053			3.054602184		
OTU4661			2.018556701		3			2.642375169				6.109204368		
OTU4674	15.72690763	2.935532234	1.009278351		1	4.601645123								
OTU4678		2.935532234	2.018556701		2	2.300822562			3.122807018				2.212429379	
OTU4707		5.871064468	8.074226804	3.059375	1	2.300822562	3.007680492	2.642375169				3.054602184		3.625925926
OTU4720			12.11134021	9.178125	27	11.50411281								
OTU4725	3.931726908	5.871064468	1.009278351			4.601645123			3.122807018	4.870646766			6.637288136	3.625925926
OTU4729		2.935532234		3.059375									6.637288136	7.251851852
OTU473		2.935532234	1.009278351	3.059375		2.300822562	3.007680492		6.245614035					
OTU4735			3.027835052	3.059375	2				12.49122807				2.212429379	
OTU4742		2.935532234		3.059375									2.212429379	3.625925926
OTU4799			1.009278351		4	2.300822562						3.054602184		
OTU480			1.009278351			2.300822562	3.007680492	5.284750337				6.109204368		
OTU4812			5.046391753	6.11875		2.300822562	3.007680492							
OTU4826		2.935532234	2.018556701	21.415625		2.300822562	6.015360983							
OTU483					1							15.27301092	2.212429379	3.625925926
OTU4834							3.007680492	2.642375169			3.701323251	3.054602184		
OTU4839				3.059375		2.300822562	3.007680492						2.212429379	
OTU4841	15.72690763		1.009278351										2.212429379	7.251851852
OTU4851		8.806596702			3		6.015360983				11.10396975	3.054602184		
OTU4859			1.009278351	3.059375		4.601645123	3.007680492		3.122807018				4.424858757	
OTU4863			8.074226804	3.059375	5	6.902467685		2.642375169						
OTU4865			1.009278351				3.007680492	2.642375169	3.122807018					
OTU487		8.806596702			2				3.122807018	24.35323383	7.402646503	15.27301092	13.27457627	14.5037037
OTU4883				3.059375			3.007680492					3.054602184	2.212429379	
OTU4896						4.601645123	6.015360983	2.642375169						3.625925926
OTU490	3.931726908	5.871064468				9.203290247	3.007680492		9.368421053					
OTU4920	3.931726908	2.935532234				2.300822562			3.122807018					
OTU4935			3.027835052		1	4.601645123	9.023041475					3.054602184		
OTU494		5.871064468	2.018556701	3.059375	1									
OTU4946	3.931726908	11.74212894	4.037113402	6.11875				2.642375169	49.96491228					
OTU4959				3.059375	1	9.203290247	3.007680492							
OTU4962	3.931726908		3.027835052	3.059375	1				12.49122807					
OTU500	7.863453815					4.601645123	6.015360983		3.122807018	4.870646766		3.054602184		3.625925926
OTU5018					1	2.300822562	9.023041475							7.251851852
OTU5034			2.018556701		1	2.300822562	3.007680492	5.284750337			3.701323251			
OTU504		2.935532234			1	4.601645123						3.054602184		7.251851852
OTU507			1.009278351	6.11875	9			2.642375169	3.122807018			3.054602184		3.625925926
OTU5099						2.300822562		5.284750337				3.054602184	4.424858757	
OTU51		2.935532234	4.037113402		5		6.015360983		9.368421053			3.054602184	2.212429379	
OTU510					1	2.300822562	3.007680492	5.284750337			3.701323251			
OTU5106		5.871064468	1.009278351	3.059375	1		3.007680492	2.642375169						
OTU5110	3.931726908	5.871064468					3.007680492	2.642375169						
OTU5114			1.009278351		2		3.007680492	2.642375169	18.73684211					
OTU514		11.74212894	4.037113402		6					4.870646766	11.10396975		8.849717514	
OTU5168			3.027835052	6.11875			3.007680492		3.122807018					
OTU5211	7.863453815	5.871064468			1			2.642375169		4.870646766				
OTU524		2.935532234	1.009278351	3.059375						4.870646766		3.054602184		
OTU5240			2.018556701		5	4.601645123	3.007680492							
OTU5254			1.009278351	3.059375			3.007680492	2.642375169	3.122807018				2.212429379	3.625925926
OTU526										24.35323383	7.402646503		2.212429379	7.251851852
OTU527		2.935532234	1.009278351		1			2.642375169						
OTU5285			1.009278351								3.701323251	3.054602184		3.625925926
OTU5300				21.415625	1	2.300822562						9.163806552	2.212429379	
OTU531	3.931726908				1	4.601645123					3.701323251		6.637288136	
OTU5328			2.018556701		1							3.054602184	4.424858757	
OTU534	7.863453815			6.11875		2.300822562	3.007680492	2.642375169	6.245614035					
OTU5341		5.871064468	1.009278351	6.11875	1	2.300822562			6.245614035			3.054602184		
OTU537		2.935532234					3.007680492				3.701323251	6.109204368	4.424858757	3.625925926
OTU5417	3.931726908	2.935532234				2.300822562							4.424858757	
OTU543	7.863453815		5.046391753		4	2.300822562		10.56950067	28.10526316	24.35323383		3.054602184	2.212429379	3.625925926
OTU544		2.935532234			1			2.642375169	3.122807018					
OTU5442	3.931726908	2.935532234	2.018556701		1						7.402646503			
OTU546	3.931726908	2.935532234	5.046391753	3.059375	5	4.601645123	21.05376344	2.642375169	9.368421053			15.27301092	15.48700565	7.251851852
OTU554				3.059375	2			2.642375169					2.212429379	
OTU556	11.79518072	14.67766117	1.009278351	18.35625	7	9.203290247	18.04608295	13.21187584	12.49122807					
OTU5585	3.931726908							2.642375169	3.122807018			15.27301092		14.5037037
OTU559			8.074226804	6.11875	13					4.870646766	3.701323251			
OTU562				3.059375	1		3.007680492				3.701323251		2.212429379	10.87777778
OTU5658			1.009278351	3.059375	1	2.300822562	3.007680492							3.625925926
OTU566	11.79518072	5.871064468	4.037113402	3.059375	10	2.300822562						3.054602184		
OTU5687			1.009278351		1			2.642375169				3.054602184	2.212429379	3.625925926
OTU569			12.11134021		2	2.300822562	9.023041475							
OTU5696			1.009278351				6.015360983	5.284750337	3.122807018		3.701323251			
OTU5709		11.74212894	2.018556701	3.059375	7		3.007680492	2.642375169			3.701323251			
OTU571	7.863453815	5.871064468	2.018556701	12.2375	6	4.601645123		2.642375169						
OTU5713			1.009278351		1			2.642375169						3.625925926
OTU5728			2.018556701	3.059375	3			5.284750337						
OTU576		5.871064468	3.027835052		2	2.300822562			6.245614035			6.109204368		
OTU5769					3			2.642375169	3.122807018					3.625925926
OTU5773				3.059375	2			2.642375169	6.245614035			9.163806552		7.251851852
OTU5776	7.863453815	2.935532234					3.007680492	2.642375169	3.122807018				4.424858757	
OTU5785					1	2.300822562			6.245614035	4.870646766			4.424858757	
OTU5787		2.935532234				11.50411281			3.122807018	4.870646766			2.212429379	
OTU580	19.65863454	17.6131934	7.064948454	6.11875	6	9.203290247	27.06912442		3.122807018		3.701323251	3.054602184	4.424858757	10.87777778
OTU582	3.931726908	5.871064468	5.046391753		3	6.902467685	6.015360983	5.284750337	3.122807018	9.741293532	11.10396975	3.054602184	6.637288136	7.251851852
OTU5876	11.79518072	2.935532234	6.055670103		7	4.601645123	9.023041475		3.122807018				4.424858757	7.251851852
OTU5891	3.931726908		2.018556701		1		3.007680492							
OTU5896			9.083505155		3		3.007680492		3.122807018			3.054602184		
OTU5907	3.931726908		1.009278351		4		3.007680492	7.927125506	3.122807018					
OTU5914		2.935532234				2.300822562	3.007680492					9.163806552		
OTU5917						2.300822562	6.015360983	5.284750337	18.73684211		3.701323251	3.054602184	8.849717514	
OTU592			1.009278351		1				3.122807018	9.741293532	7.402646503		2.212429379	3.625925926
OTU5923	3.931726908				2	2.300822562	3.007680492							
OTU5932		8.806596702			1	2.300822562	6.015360983	5.284750337						
OTU5966							3.007680492	7.927125506		4.870646766	3.701323251		2.212429379	
OTU5971		2.935532234	2.018556701			6.902467685	3.007680492	2.642375169	3.122807018					
OTU6004			1.009278351	3.059375			3.007680492			4.870646766	3.701323251	3.054602184		
OTU6036		2.935532234	1.009278351		2		3.007680492							
OTU6038	3.931726908			3.059375		2.300822562	3.007680492							
OTU6046			1.009278351				3.007680492				3.701323251		2.212429379	
OTU6061	3.931726908		1.009278351				6.015360983		3.122807018				2.212429379	
OTU607			2.018556701	3.059375		2.300822562		2.642375169	6.245614035					3.625925926
OTU6078			1.009278351				3.007680492		3.122807018				2.212429379	
OTU6092	3.931726908	2.935532234	1.009278351	3.059375	2		15.03840246							
OTU6098							3.007680492					6.109204368	4.424858757	3.625925926
OTU6102			3.027835052		3		3.007680492						2.212429379	
OTU611		2.935532234	2.018556701			2.300822562			6.245614035				2.212429379	3.625925926
OTU612			4.037113402		3	2.300822562		5.284750337					2.212429379	
OTU615		11.74212894	7.064948454	9.178125	9		3.007680492	2.642375169	3.122807018		3.701323251	6.109204368	11.06214689	18.12962963
OTU6156		2.935532234	1.009278351		1		3.007680492							
OTU6157			1.009278351		3		3.007680492		3.122807018		3.701323251			
OTU6159			2.018556701		4	6.902467685	3.007680492						2.212429379	
OTU617	3.931726908			3.059375	1				3.122807018			6.109204368		
OTU618		2.935532234	2.018556701	3.059375	4	4.601645123	3.007680492							
OTU6182		2.935532234			1			2.642375169		4.870646766				
OTU6192		2.935532234		3.059375	1			2.642375169						
OTU6206			1.009278351								3.701323251		4.424858757	7.251851852
OTU624	23.59036145							5.284750337	3.122807018			3.054602184	4.424858757	
OTU6242		2.935532234		3.059375							7.402646503	3.054602184	6.637288136	3.625925926
OTU626	3.931726908		2.018556701		3	2.300822562								
OTU6262	3.931726908	2.935532234				2.300822562		18.49662618						
OTU6263	3.931726908		4.037113402	9.178125	5									
OTU6271			2.018556701	3.059375			3.007680492	2.642375169						
OTU6283	11.79518072				1	2.300822562	3.007680492						2.212429379	
OTU630	3.931726908		2.018556701		1					9.741293532	7.402646503	3.054602184		7.251851852
OTU6304		2.935532234	2.018556701		1			2.642375169						
OTU6309			1.009278351	6.11875	3			2.642375169	6.245614035					
OTU631	3.931726908	2.935532234	3.027835052	6.11875	6			2.642375169	3.122807018					3.625925926
OTU632	3.931726908	8.806596702	3.027835052		1		3.007680492	7.927125506				3.054602184		
OTU6323			3.027835052	3.059375		2.300822562					7.402646503	9.163806552	2.212429379	
OTU6354			4.037113402	6.11875	1			2.642375169	3.122807018					3.625925926
OTU637	7.863453815	2.935532234	4.037113402	6.11875	4		6.015360983							
OTU6371					2			2.642375169	6.245614035		7.402646503	3.054602184	6.637288136	
OTU6384	3.931726908	2.935532234		3.059375	2	2.300822562							2.212429379	
OTU64			4.037113402					2.642375169				9.163806552	4.424858757	
OTU640	3.931726908	8.806596702	7.064948454	9.178125	2						3.701323251	6.109204368	8.849717514	3.625925926
OTU641	3.931726908	11.74212894	17.15773196	9.178125	19	23.00822562	27.06912442	5.284750337	18.73684211			6.109204368	2.212429379	14.5037037
OTU6439			1.009278351			2.300822562	3.007680492	2.642375169	9.368421053					
OTU644		5.871064468	5.046391753	6.11875	8						3.701323251	9.163806552	4.424858757	
OTU646	3.931726908		4.037113402	3.059375	6	4.601645123								
OTU649		2.935532234	5.046391753				3.007680492	2.642375169	9.368421053					7.251851852
OTU6506				3.059375	5			2.642375169	3.122807018					
OTU6508			8.074226804	18.35625	6	11.50411281	6.015360983						2.212429379	
OTU651		2.935532234	1.009278351	3.059375	2				3.122807018	9.741293532		3.054602184	8.849717514	3.625925926
OTU6510		2.935532234			1		3.007680492	2.642375169	3.122807018		3.701323251			3.625925926
OTU6540										4.870646766	18.50661626	3.054602184	6.637288136	
OTU6550			2.018556701		1			2.642375169		4.870646766				
OTU656	7.863453815	14.67766117	14.12989691	3.059375	5	23.00822562	30.07680492	2.642375169	3.122807018					3.625925926
OTU6563					2			5.284750337			3.701323251	9.163806552	6.637288136	
OTU6570	11.79518072	2.935532234			1			5.284750337						
OTU6572			1.009278351					2.642375169		4.870646766		3.054602184		3.625925926
OTU6628								2.642375169			3.701323251	6.109204368	2.212429379	7.251851852
OTU6632			1.009278351			2.300822562						3.054602184		3.625925926
OTU664	23.59036145	5.871064468	1.009278351		3	9.203290247	6.015360983							
OTU6643	3.931726908	5.871064468	1.009278351					2.642375169						
OTU673	3.931726908	14.67766117		3.059375			3.007680492	2.642375169						
OTU6774			1.009278351		1	4.601645123	3.007680492							
OTU6788	3.931726908		6.055670103	3.059375	1									
OTU681		5.871064468	1.009278351	3.059375	2			2.642375169	9.368421053		3.701323251			
OTU6830		2.935532234	2.018556701				3.007680492				3.701323251			
OTU684	3.931726908	8.806596702	2.018556701		1	2.300822562			3.122807018					
OTU685	7.863453815	11.74212894				27.60987074	6.015360983							
OTU6892		5.871064468	3.027835052	3.059375	3									
OTU6899		5.871064468	1.009278351	3.059375	4									
OTU69			2.018556701	3.059375	2						7.402646503	9.163806552	11.06214689	7.251851852
OTU6902	7.863453815		2.018556701	3.059375	1									3.625925926
OTU6929			3.027835052		3						3.701323251		2.212429379	
OTU6932			10.09278351	3.059375	8	2.300822562	3.007680492					6.109204368	2.212429379	
OTU6957		2.935532234	4.037113402		1							3.054602184		3.625925926
OTU6967			1.009278351	3.059375	1						3.701323251			
OTU6984	3.931726908		4.037113402	3.059375		2.300822562					3.701323251	6.109204368	2.212429379	10.87777778
OTU6987	7.863453815		1.009278351		1	6.902467685								
OTU704	3.931726908	2.935532234	6.055670103	9.178125	12	2.300822562	12.03072197							
OTU7043			2.018556701					2.642375169	3.122807018			3.054602184		
OTU7049		2.935532234	1.009278351	6.11875	1									
OTU7069		2.935532234	1.009278351		3	2.300822562								
OTU7075			4.037113402	9.178125	3		3.007680492							
OTU7087			1.009278351	3.059375	5			2.642375169						
OTU7097			1.009278351	3.059375	4						14.80529301		2.212429379	
OTU7157					1	2.300822562		5.284750337		4.870646766		3.054602184		
OTU719		2.935532234	1.009278351	3.059375	2									
OTU721			2.018556701		1			13.21187584	6.245614035					3.625925926
OTU7286						4.601645123	6.015360983			4.870646766			2.212429379	3.625925926
OTU729			1.009278351			2.300822562			3.122807018					3.625925926
OTU73					1	4.601645123	3.007680492	10.56950067		19.48258706		6.109204368		3.625925926
OTU733			1.009278351		2	2.300822562	3.007680492	5.284750337	3.122807018					
OTU7333	3.931726908		2.018556701			6.902467685	3.007680492	5.284750337					4.424858757	
OTU7348		2.935532234			1				3.122807018			3.054602184		
OTU736	7.863453815	5.871064468	4.037113402		2	2.300822562	6.015360983	13.21187584		4.870646766	3.701323251		2.212429379	
OTU739		2.935532234		3.059375			3.007680492	2.642375169	6.245614035	4.870646766		3.054602184		
OTU740	3.931726908		4.037113402	3.059375	3	6.902467685	9.023041475	10.56950067						
OTU7427		11.74212894	4.037113402				6.015360983	15.85425101						
OTU7433		2.935532234		3.059375	1		3.007680492							
OTU7448		2.935532234	2.018556701		2			2.642375169						
OTU7519										9.741293532	7.402646503	3.054602184	4.424858757	3.625925926
OTU757	11.79518072	29.35532234	3.027835052		4	29.9106933	12.03072197							3.625925926
OTU7585		2.935532234							3.122807018			3.054602184		3.625925926
OTU7593			1.009278351		1				12.49122807			3.054602184		
OTU7632			1.009278351		4					4.870646766	3.701323251	9.163806552		
OTU7714			1.009278351	3.059375							3.701323251	3.054602184		
OTU7752	3.931726908		1.009278351		1						7.402646503		6.637288136	
OTU777		11.74212894		3.059375	8		3.007680492						8.849717514	7.251851852
OTU7773			1.009278351		3			2.642375169	3.122807018					
OTU7822			1.009278351			2.300822562					3.701323251		4.424858757	3.625925926
OTU783		2.935532234	2.018556701							9.741293532	3.701323251			7.251851852
OTU784	7.863453815		1.009278351	9.178125	1		6.015360983							
OTU7846		2.935532234	2.018556701			2.300822562							13.27457627	
OTU7856	3.931726908		3.027835052	3.059375	2									
OTU7891			1.009278351	3.059375	2		3.007680492							
OTU7924			1.009278351	6.11875	1			2.642375169						
OTU7942		2.935532234			2	2.300822562			3.122807018					
OTU8			3.027835052				9.023041475				3.701323251	6.109204368	4.424858757	18.12962963
OTU8004			1.009278351			2.300822562	3.007680492	2.642375169	3.122807018					
OTU8014	3.931726908	2.935532234						2.642375169				6.109204368	2.212429379	
OTU8016			4.037113402	18.35625	4			10.56950067	6.245614035	4.870646766				3.625925926
OTU8018			2.018556701			2.300822562		2.642375169						3.625925926
OTU8047								2.642375169	3.122807018				2.212429379	3.625925926
OTU8085			2.018556701		4	2.300822562							2.212429379	
OTU81			1.009278351				3.007680492				3.701323251	3.054602184	4.424858757	3.625925926
OTU811	3.931726908	5.871064468			1			2.642375169						
OTU8111	19.65863454		2.018556701	3.059375	1	20.70740306	3.007680492							3.625925926
OTU8114		5.871064468			4	2.300822562							4.424858757	
OTU8165										4.870646766	3.701323251	3.054602184	6.637288136	
OTU818		5.871064468	3.027835052	9.178125	3	6.902467685						3.054602184		7.251851852
OTU8194			1.009278351	3.059375		2.300822562		7.927125506				3.054602184		7.251851852
OTU821			3.027835052		2		12.03072197	2.642375169						
OTU823		2.935532234		3.059375	1	6.902467685	3.007680492	5.284750337					2.212429379	
OTU829	3.931726908	14.67766117			1		3.007680492							
OTU8292	3.931726908		4.037113402	6.11875	5									3.625925926
OTU8301		2.935532234								4.870646766	3.701323251	3.054602184		
OTU832					2	2.300822562		7.927125506	6.245614035					
OTU8343					1						3.701323251		13.27457627	3.625925926
OTU8354			1.009278351	6.11875	1									3.625925926
OTU8384		2.935532234						2.642375169	21.85964912	4.870646766		3.054602184	4.424858757	
OTU8405	3.931726908				1	6.902467685		10.56950067	3.122807018			15.27301092	2.212429379	
OTU841			3.027835052		6			5.284750337						3.625925926
OTU842			2.018556701						3.122807018	4.870646766	7.402646503			3.625925926
OTU8428				3.059375					3.122807018		3.701323251	3.054602184		
OTU8459						2.300822562	3.007680492	5.284750337	3.122807018					
OTU849	3.931726908	2.935532234			2	9.203290247	15.03840246							
OTU850	3.931726908	5.871064468	2.018556701	3.059375	2	2.300822562						3.054602184		
OTU8573			1.009278351		1	23.00822562							4.424858757	3.625925926
OTU858		2.935532234			1		6.015360983	7.927125506			3.701323251	3.054602184	11.06214689	10.87777778
OTU8581		2.935532234	1.009278351	3.059375	8									3.625925926
OTU8583				3.059375		2.300822562	3.007680492	5.284750337	3.122807018			3.054602184	6.637288136	7.251851852
OTU868			1.009278351			2.300822562			3.122807018				11.06214689	
OTU869			2.018556701	3.059375	2	9.203290247								
OTU8692			1.009278351					2.642375169				3.054602184	2.212429379	
OTU870	7.863453815	2.935532234	5.046391753	3.059375		2.300822562								
OTU8721			1.009278351	3.059375	1		3.007680492	5.284750337	12.49122807					
OTU8748	3.931726908	2.935532234	3.027835052	9.178125	3									
OTU8767			6.055670103	6.11875	2								2.212429379	
OTU877			1.009278351			2.300822562		2.642375169	6.245614035			3.054602184		7.251851852
OTU880	3.931726908	2.935532234	5.046391753		3		6.015360983							
OTU8803	3.931726908									4.870646766	3.701323251	6.109204368		
OTU8808					6	2.300822562		2.642375169						3.625925926
OTU885						2.300822562						6.109204368	4.424858757	10.87777778
OTU888	3.931726908		1.009278351				3.007680492					18.3276131		
OTU890	3.931726908				1				3.122807018			9.163806552	4.424858757	10.87777778
OTU8925		2.935532234			3				3.122807018	4.870646766				
OTU895			1.009278351	3.059375		2.300822562	6.015360983							
OTU896							3.007680492	5.284750337		4.870646766	3.701323251		2.212429379	
OTU898			1.009278351	3.059375								3.054602184	2.212429379	
OTU9			1.009278351		2			2.642375169					2.212429379	
OTU901	7.863453815				3				3.122807018			3.054602184	2.212429379	3.625925926
OTU9025			1.009278351	3.059375	2					9.741293532				
OTU9028						4.601645123	15.03840246	2.642375169					2.212429379	
OTU904						2.300822562	6.015360983		3.122807018			3.054602184	4.424858757	7.251851852
OTU9042	3.931726908	2.935532234	1.009278351				3.007680492		6.245614035					
OTU9111		2.935532234	1.009278351		1						3.701323251	3.054602184	4.424858757	
OTU9124				6.11875	1							3.054602184	2.212429379	3.625925926
OTU9128						11.50411281	3.007680492	5.284750337			3.701323251			
OTU9133					1	2.300822562						12.21840874	2.212429379	
OTU9175			2.018556701	3.059375	2	4.601645123								
OTU9186		5.871064468	1.009278351		4	2.300822562		5.284750337	3.122807018					3.625925926
OTU9202	3.931726908		5.046391753		1			2.642375169			3.701323251	9.163806552	2.212429379	3.625925926
OTU9209		5.871064468	1.009278351		2	2.300822562								
OTU9225			2.018556701		3	11.50411281								7.251851852
OTU929			1.009278351	3.059375				2.642375169		4.870646766		6.109204368	4.424858757	7.251851852
OTU934		2.935532234			2				3.122807018					3.625925926
OTU938			1.009278351						3.122807018	14.6119403		12.21840874		7.251851852
OTU945			3.027835052		2		3.007680492							3.625925926
OTU9494									3.122807018		3.701323251	6.109204368	11.06214689	
OTU95		20.54872564				2.300822562	3.007680492		3.122807018					7.251851852
OTU951									3.122807018		14.80529301	3.054602184	2.212429379	3.625925926
OTU9551							3.007680492				3.701323251	3.054602184	2.212429379	3.625925926
OTU9572	7.863453815					2.300822562	6.015360983	2.642375169	3.122807018		3.701323251	3.054602184		
OTU9580					1	2.300822562	3.007680492						2.212429379	
OTU9591		2.935532234			3	2.300822562	3.007680492		3.122807018					
OTU96		2.935532234					3.007680492				3.701323251	9.163806552	2.212429379	
OTU9602			1.009278351			2.300822562	3.007680492	5.284750337	3.122807018					
OTU9646							3.007680492	2.642375169				3.054602184	2.212429379	3.625925926
OTU9690		2.935532234	3.027835052		4	6.902467685		2.642375169					2.212429379	
OTU9708			2.018556701		2							3.054602184	2.212429379	
OTU9729			5.046391753	6.11875	9	2.300822562			3.122807018					
OTU973	3.931726908		1.009278351		1	4.601645123								7.251851852
OTU9746			4.037113402	3.059375		4.601645123	3.007680492							
OTU9751	3.931726908		1.009278351	3.059375	1									
OTU976								5.284750337		4.870646766		3.054602184	2.212429379	10.87777778
OTU978	3.931726908		8.074226804	3.059375	1	4.601645123	6.015360983							3.625925926
OTU9799			5.046391753	6.11875	12	2.300822562								
OTU98			4.037113402	3.059375	4					4.870646766		6.109204368	4.424858757	
OTU980					1	2.300822562						6.109204368	6.637288136	10.87777778
OTU9808	3.931726908		1.009278351						15.61403509		11.10396975		2.212429379	3.625925926
OTU983	3.931726908		2.018556701			2.300822562		2.642375169	6.245614035	19.48258706	14.80529301	3.054602184	2.212429379	7.251851852
OTU9872	3.931726908	8.806596702	1.009278351		1		3.007680492	2.642375169						
OTU9899		2.935532234		3.059375			3.007680492				3.701323251			
OTU990			4.037113402		2		3.007680492	21.13900135	3.122807018		3.701323251		2.212429379	
OTU9919	3.931726908								3.122807018				2.212429379	3.625925926
OTU996	15.72690763				5					9.741293532				3.625925926
OTU998									3.122807018	68.18905473	25.90926276	9.163806552	19.91186441	
