ID	Warming1	Warming2	Warming3	Warming4	Warming5	Warming6	Warming7	Warming8	Warming9	Warming10	Warming11	Warming12	Warming13	Warming14
OTU1						3.030959752			3.054602184	17.7309185	6.694017094	5.162821358	4.956962025	3.831702544
OTU100			4.183760684		2.008205128			5.291891892		5.065976714	3.347008547	14.19775873		
OTU1002	3.37295435	2.472222222			2.008205128					5.065976714		1.290705339		
OTU1004											3.347008547	6.453526697	9.913924051	3.831702544
OTU1006		2.472222222			2.008205128					2.532988357	30.12307692	6.453526697	4.956962025	7.663405088
OTU1007	5.059431525			3.358490566	4.016410256	12.12383901	1.760791367	2.645945946						
OTU10096	5.059431525						3.521582734	2.645945946	3.054602184	2.532988357		2.581410679		
OTU1010				3.358490566					3.054602184	12.66494179			4.956962025	
OTU1012	1.686477175	2.472222222		3.358490566	2.008205128		3.521582734	7.937837838		2.532988357	13.38803419	6.453526697		
OTU1014	3.37295435	2.472222222			6.024615385		1.760791367	7.937837838					4.956962025	
OTU1016		2.472222222			2.008205128		1.760791367					2.581410679		
OTU1018	1.686477175	7.416666667	4.183760684	6.716981132	12.04923077		1.760791367		3.054602184			2.581410679		7.663405088
OTU102		4.944444444	12.55128205	3.358490566	4.016410256		1.760791367							
OTU10270	1.686477175	2.472222222	4.183760684				1.760791367	2.645945946	3.054602184					
OTU1028										7.598965071	10.04102564	3.872116018		15.32681018
OTU10288	1.686477175	2.472222222		6.716981132	4.016410256		1.760791367	2.645945946						
OTU1031	1.686477175	7.416666667						2.645945946	9.163806552	2.532988357	3.347008547	7.744232037	4.956962025	3.831702544
OTU1033	3.37295435		4.183760684			3.030959752				5.065976714	6.694017094	1.290705339		3.831702544
OTU1035	1.686477175				2.008205128		1.760791367	2.645945946		48.12677878	33.47008547	6.453526697	34.69873418	
OTU10382		7.416666667				3.030959752	1.760791367	2.645945946	9.163806552					
OTU1041	1.686477175			3.358490566	2.008205128		1.760791367							
OTU1049						39.40247678			3.054602184			25.81410679	4.956962025	
OTU10490				3.358490566	2.008205128	6.061919505						2.581410679		
OTU10582							7.043165468	2.645945946	3.054602184		3.347008547			15.32681018
OTU1060	6.745908699				2.008205128				3.054602184	7.598965071	10.04102564	1.290705339		3.831702544
OTU10612		2.472222222								2.532988357	3.347008547		4.956962025	
OTU1065			4.183760684						3.054602184	2.532988357	3.347008547	1.290705339		
OTU1068	1.686477175		8.367521368		4.016410256			5.291891892		5.065976714	3.347008547	3.872116018		
OTU107	1.686477175	2.472222222	4.183760684		2.008205128	3.030959752	1.760791367				3.347008547			
OTU1071	1.686477175						1.760791367				30.12307692			3.831702544
OTU1072	1.686477175	4.944444444	4.183760684		4.016410256	6.061919505	1.760791367		3.054602184	5.065976714	6.694017094	6.453526697	24.78481013	11.49510763
OTU10749	1.686477175			3.358490566				2.645945946				3.872116018		
OTU1075	1.686477175	2.472222222					3.521582734	2.645945946						
OTU1076		2.472222222			2.008205128			5.291891892		10.13195343	3.347008547	1.290705339		7.663405088
OTU10775	1.686477175			3.358490566	2.008205128	3.030959752						1.290705339		
OTU1083	3.37295435	4.944444444			2.008205128		5.282374101	7.937837838				1.290705339		
OTU1085		12.36111111					1.760791367					1.290705339	4.956962025	
OTU1087		2.472222222								5.065976714	3.347008547		4.956962025	
OTU1088	3.37295435	2.472222222			4.016410256				6.109204368			1.290705339	14.87088608	3.831702544
OTU1089	3.37295435	2.472222222			8.032820513	6.061919505		2.645945946	6.109204368			1.290705339		
OTU1090		2.472222222		3.358490566				7.937837838	9.163806552	5.065976714				3.831702544
OTU10925		2.472222222		3.358490566	2.008205128			5.291891892				1.290705339		
OTU1094							1.760791367		3.054602184	15.19793014	10.04102564	2.581410679	34.69873418	3.831702544
OTU10957								2.645945946	3.054602184	7.598965071	3.347008547			
OTU110										2.532988357	3.347008547	2.581410679	4.956962025	
OTU1102								2.645945946		15.19793014		2.581410679		19.15851272
OTU11032							1.760791367				3.347008547	3.872116018		26.82191781
OTU111	1.686477175	17.30555556	4.183760684	3.358490566	4.016410256	9.092879257	1.760791367	13.22972973	24.43681747	10.13195343	3.347008547	14.19775873		7.663405088
OTU1111							1.760791367			10.13195343		1.290705339	9.913924051	
OTU11125		2.472222222			2.008205128	3.030959752			3.054602184					
OTU11130		2.472222222	4.183760684	3.358490566	2.008205128		1.760791367							3.831702544
OTU1121	1.686477175	2.472222222		3.358490566	2.008205128	3.030959752						2.581410679		
OTU1124							7.043165468	2.645945946		2.532988357			9.913924051	3.831702544
OTU1126	3.37295435			3.358490566	2.008205128		1.760791367							
OTU1130	1.686477175								3.054602184	5.065976714			4.956962025	
OTU1136				3.358490566			3.521582734		12.21840874	7.598965071	6.694017094	3.872116018		
OTU11387				3.358490566	4.016410256		1.760791367			2.532988357				
OTU114		4.944444444	8.367521368	13.43396226	16.06564103		1.760791367			2.532988357	3.347008547	9.034937376	4.956962025	
OTU11406		2.472222222			4.016410256	3.030959752	7.043165468		9.163806552					
OTU1141		4.944444444					1.760791367		3.054602184	7.598965071				7.663405088
OTU1144	18.55124892	14.83333333	4.183760684	13.43396226	14.0574359	12.12383901	8.803956835	10.58378378	6.109204368		6.694017094	5.162821358		3.831702544
OTU1152					4.016410256				3.054602184	5.065976714	16.73504274	7.744232037	4.956962025	7.663405088
OTU1153	3.37295435	2.472222222	4.183760684	6.716981132	6.024615385		1.760791367		3.054602184					3.831702544
OTU11531										2.532988357	6.694017094	1.290705339	4.956962025	
OTU1157		7.416666667								2.532988357	3.347008547	3.872116018		
OTU11574	1.686477175	2.472222222		6.716981132			1.760791367							
OTU11619					2.008205128					2.532988357		1.290705339		3.831702544
OTU1166		4.944444444	4.183760684			3.030959752	1.760791367					1.290705339		
OTU117										7.598965071	6.694017094	1.290705339	4.956962025	3.831702544
OTU1171					2.008205128	6.061919505	1.760791367	2.645945946		5.065976714				3.831702544
OTU1174		2.472222222	4.183760684									1.290705339		3.831702544
OTU1177									3.054602184	2.532988357	3.347008547	2.581410679	4.956962025	7.663405088
OTU11827										2.532988357	3.347008547		4.956962025	7.663405088
OTU11915				3.358490566	2.008205128		3.521582734					2.581410679		
OTU1196	3.37295435	4.944444444	4.183760684	3.358490566	10.04102564	3.030959752	1.760791367	5.291891892	9.163806552			3.872116018		
OTU11970						3.030959752				5.065976714	3.347008547	1.290705339		7.663405088
OTU12140		2.472222222		3.358490566		3.030959752				2.532988357		1.290705339		
OTU12141	1.686477175	2.472222222		6.716981132					3.054602184					
OTU12142	1.686477175			3.358490566	8.032820513		1.760791367	2.645945946						
OTU1215				3.358490566	2.008205128		3.521582734	2.645945946				2.581410679		
OTU1226			8.367521368		4.016410256		1.760791367	2.645945946			3.347008547			3.831702544
OTU1229									3.054602184	10.13195343	6.694017094		9.913924051	
OTU1234				6.716981132				2.645945946			3.347008547	1.290705339		3.831702544
OTU12367							3.521582734	5.291891892	3.054602184			1.290705339	4.956962025	
OTU124			4.183760684	3.358490566							6.694017094	2.581410679		
OTU12409	1.686477175	2.472222222	4.183760684		2.008205128									
OTU1242			4.183760684			12.12383901	1.760791367	5.291891892		20.26390686	13.38803419	2.581410679		
OTU1244		51.91666667				21.21671827				5.065976714	3.347008547	5.162821358	9.913924051	
OTU1246		7.416666667	8.367521368	3.358490566	8.032820513	9.092879257	15.8471223	7.937837838	3.054602184		3.347008547	1.290705339		
OTU12479	1.686477175								3.054602184	2.532988357				3.831702544
OTU1273	1.686477175			6.716981132		3.030959752	3.521582734							
OTU1288	6.745908699	2.472222222								2.532988357		2.581410679	4.956962025	7.663405088
OTU1298	3.37295435	2.472222222	4.183760684	3.358490566	2.008205128	12.12383901	1.760791367	2.645945946				1.290705339		
OTU1301			4.183760684							2.532988357	6.694017094	6.453526697	9.913924051	
OTU1302										2.532988357	3.347008547	1.290705339		7.663405088
OTU13042	1.686477175					3.030959752	5.282374101	2.645945946						
OTU13152						3.030959752	5.282374101	5.291891892				1.290705339		
OTU13158		2.472222222		3.358490566	2.008205128	3.030959752	1.760791367	5.291891892						
OTU1317	1.686477175	2.472222222	4.183760684			3.030959752		2.645945946				2.581410679		
OTU13170		2.472222222		3.358490566			1.760791367	5.291891892	3.054602184					
OTU13179		2.472222222	4.183760684		6.024615385	3.030959752	3.521582734	7.937837838	18.3276131			21.94199077		
OTU13180	3.37295435	2.472222222			4.016410256		1.760791367	2.645945946						
OTU13231					2.008205128	3.030959752	1.760791367	5.291891892						
OTU13232		4.944444444	20.91880342	3.358490566								3.872116018	4.956962025	
OTU13243			4.183760684		2.008205128	6.061919505		2.645945946						
OTU1329		4.944444444	4.183760684	3.358490566				2.645945946	3.054602184	2.532988357	6.694017094	1.290705339		3.831702544
OTU13291	18.55124892	2.472222222				6.061919505							9.913924051	
OTU13294				3.358490566			1.760791367		6.109204368			1.290705339		
OTU1331		2.472222222			2.008205128			5.291891892		2.532988357			4.956962025	
OTU13338	3.37295435	2.472222222	16.73504274		2.008205128			2.645945946						
OTU13404	3.37295435			3.358490566								2.581410679	4.956962025	
OTU1344		7.416666667	4.183760684		10.04102564							5.162821358		
OTU1354		2.472222222					1.760791367	5.291891892		2.532988357		2.581410679		
OTU13550	1.686477175	2.472222222					1.760791367		3.054602184		3.347008547	1.290705339		
OTU1356				3.358490566		15.15479876	3.521582734	7.937837838	6.109204368					
OTU1357			4.183760684	3.358490566						5.065976714	13.38803419			
OTU13588				3.358490566	2.008205128						3.347008547	1.290705339		
OTU13602							5.282374101	2.645945946	9.163806552			5.162821358		
OTU1361										20.26390686	30.12307692	1.290705339	4.956962025	3.831702544
OTU1365	1.686477175				2.008205128		3.521582734	2.645945946	3.054602184	7.598965071	3.347008547	1.290705339		
OTU1367	1.686477175						1.760791367	2.645945946		12.66494179			4.956962025	
OTU13707									3.054602184	2.532988357		1.290705339		3.831702544
OTU13711	1.686477175		4.183760684					2.645945946			16.73504274			
OTU13787	1.686477175							2.645945946	3.054602184			1.290705339		
OTU1380			4.183760684	3.358490566	4.016410256		12.32553957		3.054602184	10.13195343			4.956962025	11.49510763
OTU1382		2.472222222								15.19793014	6.694017094	5.162821358	14.87088608	
OTU1388							1.760791367			22.79689521	23.42905983	7.744232037	24.78481013	3.831702544
OTU139	1.686477175									5.065976714	10.04102564	1.290705339	19.8278481	
OTU13943		2.472222222			4.016410256				3.054602184			1.290705339	4.956962025	
OTU1396										2.532988357		2.581410679	9.913924051	3.831702544
OTU13974			4.183760684	3.358490566			1.760791367			2.532988357				
OTU1399	1.686477175				2.008205128							3.872116018	4.956962025	
OTU1400		2.472222222				3.030959752				10.13195343	3.347008547			
OTU1401										7.598965071	20.08205128	2.581410679	14.87088608	3.831702544
OTU14044	1.686477175				2.008205128		1.760791367					1.290705339		
OTU14048	1.686477175			3.358490566		3.030959752					6.694017094			
OTU1406	1.686477175				2.008205128		1.760791367	2.645945946						
OTU1410					6.024615385		7.043165468	7.937837838				1.290705339		
OTU1412				3.358490566						32.92884864	20.08205128	1.290705339	4.956962025	3.831702544
OTU1416	1.686477175									17.7309185	10.04102564		9.913924051	3.831702544
OTU1419	1.686477175			6.716981132			1.760791367	7.937837838						
OTU14211	5.059431525	2.472222222		6.716981132	2.008205128	6.061919505	5.282374101		3.054602184					
OTU1423	1.686477175			3.358490566	4.016410256	9.092879257	5.282374101	2.645945946		2.532988357	6.694017094	3.872116018		11.49510763
OTU14297	1.686477175	2.472222222					1.760791367		3.054602184			1.290705339		
OTU14345	3.37295435						1.760791367		3.054602184			1.290705339		
OTU1441							1.760791367		3.054602184		3.347008547	1.290705339	4.956962025	
OTU1443		4.944444444		3.358490566			1.760791367			2.532988357		2.581410679		
OTU14457	3.37295435						1.760791367		3.054602184		3.347008547			
OTU1461							1.760791367	2.645945946	3.054602184				4.956962025	
OTU1469	1.686477175	2.472222222			2.008205128		1.760791367				3.347008547		4.956962025	
OTU147	1.686477175								3.054602184	7.598965071	3.347008547	3.872116018		19.15851272
OTU1470							1.760791367			17.7309185	36.81709402	1.290705339	4.956962025	3.831702544
OTU14776			8.367521368					2.645945946	3.054602184			1.290705339		
OTU1493							1.760791367	2.645945946	3.054602184			2.581410679		
OTU1494					2.008205128			2.645945946			3.347008547	2.581410679		
OTU1496	1.686477175					3.030959752				2.532988357	3.347008547	1.290705339		
OTU1498				3.358490566	10.04102564	3.030959752	1.760791367	2.645945946		12.66494179	16.73504274	5.162821358	14.87088608	19.15851272
OTU150		2.472222222	8.367521368		2.008205128		1.760791367	2.645945946						
OTU1501										17.7309185	3.347008547	2.581410679		3.831702544
OTU1506				3.358490566	8.032820513		1.760791367					2.581410679		
OTU1509	5.059431525			3.358490566	2.008205128		1.760791367	2.645945946				2.581410679	4.956962025	3.831702544
OTU1510	8.432385874	12.36111111		10.0754717	6.024615385		5.282374101	18.52162162	12.21840874			3.872116018		
OTU1513	5.059431525			3.358490566			1.760791367					1.290705339		
OTU1516	1.686477175	4.944444444	4.183760684			3.030959752		2.645945946	6.109204368					
OTU152	1.686477175		8.367521368		2.008205128	3.030959752	7.043165468		12.21840874		13.38803419	7.744232037		3.831702544
OTU1522	1.686477175			6.716981132				13.22972973	6.109204368			2.581410679		3.831702544
OTU15239	1.686477175	2.472222222			2.008205128	3.030959752	1.760791367							
OTU1526		2.472222222		3.358490566		3.030959752	7.043165468	2.645945946						
OTU1527		2.472222222		10.0754717	2.008205128		7.043165468			2.532988357		3.872116018		
OTU1528					2.008205128			13.22972973	3.054602184			10.32564272		3.831702544
OTU1533	1.686477175				4.016410256		7.043165468	13.22972973	3.054602184					
OTU15350			4.183760684			3.030959752		13.22972973						3.831702544
OTU1537				3.358490566	4.016410256			5.291891892				2.581410679	4.956962025	3.831702544
OTU1546		4.944444444			4.016410256	6.061919505	1.760791367							
OTU1548	1.686477175	2.472222222	4.183760684	3.358490566	2.008205128	15.15479876	5.282374101	2.645945946	12.21840874			5.162821358	4.956962025	
OTU1550	3.37295435	9.888888889		10.0754717	6.024615385		3.521582734	2.645945946				3.872116018	4.956962025	3.831702544
OTU1552		7.416666667	12.55128205	10.0754717	4.016410256			5.291891892		12.66494179	3.347008547	2.581410679	4.956962025	3.831702544
OTU156			4.183760684		2.008205128			2.645945946				2.581410679		3.831702544
OTU1560	3.37295435							2.645945946	3.054602184			3.872116018		3.831702544
OTU1563										10.13195343	16.73504274	2.581410679	4.956962025	3.831702544
OTU1569		2.472222222							3.054602184	5.065976714	3.347008547	1.290705339		
OTU1572				6.716981132			3.521582734	7.937837838	9.163806552			1.290705339		
OTU1575				3.358490566		3.030959752	1.760791367					1.290705339		
OTU1582	1.686477175		8.367521368		4.016410256	3.030959752	5.282374101	18.52162162				9.034937376		
OTU1583	1.686477175		8.367521368			12.12383901	3.521582734	2.645945946				1.290705339		
OTU1585	1.686477175	7.416666667	4.183760684						3.054602184			1.290705339		
OTU1586	6.745908699	17.30555556	4.183760684	3.358490566	2.008205128	3.030959752	1.760791367	5.291891892	6.109204368			5.162821358		
OTU159	1.686477175						1.760791367		3.054602184	83.58861578	46.85811966	36.13974951	84.26835443	45.98043053
OTU1592		24.72222222			2.008205128	3.030959752		2.645945946						3.831702544
OTU15939								2.645945946		2.532988357	3.347008547	1.290705339		3.831702544
OTU1594	8.432385874		4.183760684	3.358490566	6.024615385		7.043165468	5.291891892	3.054602184			5.162821358		
OTU1595	1.686477175	4.944444444		3.358490566			1.760791367	2.645945946	3.054602184					
OTU1601		2.472222222					5.282374101	5.291891892				1.290705339		
OTU16013							1.760791367	5.291891892		2.532988357		3.872116018		
OTU1602	18.55124892				4.016410256		12.32553957	2.645945946	9.163806552		3.347008547	2.581410679		
OTU16049						6.061919505	1.760791367		3.054602184	2.532988357				
OTU1615	1.686477175				2.008205128			2.645945946	3.054602184			2.581410679		
OTU1618	1.686477175						1.760791367		3.054602184	5.065976714	16.73504274			3.831702544
OTU1619						18.18575851	5.282374101	5.291891892	6.109204368			1.290705339		
OTU16204	1.686477175	2.472222222			2.008205128		3.521582734					1.290705339		
OTU16212			4.183760684	3.358490566	2.008205128									3.831702544
OTU1627	1.686477175		4.183760684			6.061919505	15.8471223	5.291891892	9.163806552			6.453526697		
OTU163		4.944444444		13.43396226	6.024615385	18.18575851			9.163806552	5.065976714	6.694017094	1.290705339		
OTU16322	6.745908699		4.183760684	3.358490566				7.937837838	3.054602184					
OTU1633				3.358490566	2.008205128			2.645945946	3.054602184					
OTU16375				3.358490566				2.645945946		2.532988357		2.581410679		
OTU1643		2.472222222	4.183760684	3.358490566		9.092879257	5.282374101	2.645945946	6.109204368			1.290705339		
OTU16440				3.358490566	2.008205128			2.645945946	3.054602184			1.290705339		
OTU1646					2.008205128		1.760791367		3.054602184			1.290705339		
OTU16467		2.472222222	4.183760684	3.358490566									4.956962025	
OTU16485	1.686477175			3.358490566				2.645945946				1.290705339	4.956962025	
OTU16503							1.760791367	5.291891892	3.054602184	2.532988357				
OTU16544					2.008205128	3.030959752	1.760791367		3.054602184			2.581410679		
OTU1662			8.367521368		2.008205128			2.645945946	3.054602184					3.831702544
OTU167										20.26390686	16.73504274	1.290705339	4.956962025	3.831702544
OTU1675		2.472222222		3.358490566				2.645945946		2.532988357	6.694017094	2.581410679	19.8278481	
OTU1676	1.686477175			3.358490566		3.030959752		2.645945946	3.054602184		3.347008547	1.290705339		
OTU1683						3.030959752	1.760791367					3.872116018		7.663405088
OTU16834		2.472222222			2.008205128	3.030959752		2.645945946						
OTU1685	1.686477175	2.472222222			2.008205128	3.030959752	1.760791367				3.347008547	1.290705339		
OTU1686	3.37295435				2.008205128	6.061919505	3.521582734		9.163806552		10.04102564	2.581410679	4.956962025	
OTU1689	13.4918174			3.358490566		3.030959752		2.645945946		27.86287193	33.47008547	1.290705339	14.87088608	3.831702544
OTU169	1.686477175				8.032820513	3.030959752		2.645945946		5.065976714				
OTU1693		2.472222222	8.367521368		2.008205128		8.803956835	2.645945946				2.581410679		
OTU1696		2.472222222	4.183760684	6.716981132	2.008205128		7.043165468		6.109204368					
OTU1697		4.944444444	4.183760684						3.054602184	5.065976714		2.581410679		
OTU17		2.472222222		6.716981132	4.016410256	3.030959752			6.109204368		20.08205128	1.290705339		
OTU1709		2.472222222			2.008205128	3.030959752	1.760791367		3.054602184			7.744232037		
OTU17096	6.745908699			3.358490566				5.291891892					19.8278481	
OTU171	1.686477175	4.944444444	4.183760684		2.008205128				6.109204368	7.598965071	6.694017094	1.290705339		
OTU1714	1.686477175	2.472222222		3.358490566		3.030959752	1.760791367	2.645945946						
OTU1716				3.358490566		6.061919505	1.760791367					5.162821358		
OTU17165					2.008205128		1.760791367		3.054602184					3.831702544
OTU1720		2.472222222				12.12383901					10.04102564	3.872116018	4.956962025	3.831702544
OTU1722	3.37295435	2.472222222	4.183760684	3.358490566	2.008205128	6.061919505		5.291891892						
OTU1724		7.416666667		3.358490566			1.760791367					1.290705339	4.956962025	7.663405088
OTU17256			4.183760684	3.358490566							3.347008547	2.581410679		
OTU1729		2.472222222		10.0754717	8.032820513	12.12383901				2.532988357		5.162821358		26.82191781
OTU1731	5.059431525	12.36111111	4.183760684	3.358490566	10.04102564	3.030959752	1.760791367	2.645945946	9.163806552		3.347008547	7.744232037	4.956962025	3.831702544
OTU1732						3.030959752		2.645945946		2.532988357	6.694017094	1.290705339		3.831702544
OTU1734				6.716981132	4.016410256	3.030959752	7.043165468	5.291891892	6.109204368					
OTU1738					8.032820513	12.12383901				2.532988357		1.290705339		
OTU174	3.37295435	2.472222222				3.030959752		2.645945946		5.065976714	6.694017094	1.290705339	4.956962025	3.831702544
OTU1748					2.008205128	9.092879257	1.760791367			7.598965071		1.290705339		
OTU1750	5.059431525	9.888888889				9.092879257			3.054602184			1.290705339		
OTU1751	1.686477175	2.472222222			2.008205128	6.061919505	3.521582734	2.645945946			3.347008547	2.581410679		
OTU17570	1.686477175					3.030959752	1.760791367		12.21840874					
OTU1759	1.686477175	7.416666667	16.73504274	6.716981132		21.21671827	10.5647482	13.22972973	6.109204368		3.347008547	1.290705339		
OTU1760	1.686477175			3.358490566	4.016410256	6.061919505	1.760791367	5.291891892						
OTU17614	1.686477175						1.760791367		3.054602184			5.162821358		
OTU1766		2.472222222		3.358490566		6.061919505								3.831702544
OTU1768		2.472222222			4.016410256	6.061919505	1.760791367							
OTU1769		4.944444444		3.358490566	2.008205128	6.061919505	1.760791367							
OTU177	3.37295435		16.73504274	20.1509434	2.008205128			2.645945946		10.13195343	3.347008547	5.162821358	24.78481013	45.98043053
OTU17718							5.282374101	2.645945946	3.054602184			1.290705339		
OTU1776				3.358490566		3.030959752	3.521582734	5.291891892	6.109204368					
OTU1778	1.686477175				2.008205128	3.030959752						1.290705339		
OTU17826	3.37295435		4.183760684				3.521582734	2.645945946	3.054602184				4.956962025	
OTU1789	1.686477175	4.944444444				3.030959752	3.521582734					1.290705339		3.831702544
OTU1790			4.183760684	3.358490566		9.092879257	1.760791367		6.109204368			3.872116018		
OTU1795	3.37295435	2.472222222				3.030959752		2.645945946				1.290705339		
OTU1796	3.37295435	2.472222222				9.092879257	1.760791367	2.645945946	3.054602184			6.453526697		
OTU1797	1.686477175	2.472222222		3.358490566	6.024615385	3.030959752	3.521582734							
OTU1798	3.37295435	4.944444444	4.183760684			6.061919505			3.054602184			3.872116018		
OTU1800	15.17829457		4.183760684	3.358490566	2.008205128	6.061919505	1.760791367	5.291891892				1.290705339		
OTU18057	1.686477175			3.358490566							3.347008547	3.872116018		
OTU1807	3.37295435		4.183760684		4.016410256	3.030959752			3.054602184	2.532988357		1.290705339		3.831702544
OTU18124		2.472222222			2.008205128	3.030959752			3.054602184					
OTU1814	1.686477175	2.472222222	8.367521368		4.016410256	3.030959752	1.760791367		3.054602184	2.532988357	10.04102564			
OTU18210		2.472222222	4.183760684				3.521582734		3.054602184			2.581410679		
OTU18244						3.030959752	1.760791367				3.347008547	2.581410679		
OTU1825	5.059431525	2.472222222				3.030959752			3.054602184			3.872116018		
OTU1831			4.183760684	3.358490566	2.008205128		1.760791367					6.453526697		
OTU18317		2.472222222					1.760791367		3.054602184			1.290705339		
OTU18323		2.472222222					1.760791367						9.913924051	3.831702544
OTU18379	6.745908699				2.008205128		1.760791367						4.956962025	
OTU18424	3.37295435						1.760791367		3.054602184			1.290705339		
OTU18429		2.472222222					1.760791367	2.645945946		2.532988357				
OTU1851	1.686477175						3.521582734	2.645945946	9.163806552					
OTU1852			20.91880342		4.016410256	3.030959752			6.109204368					
OTU1858	1.686477175	2.472222222		6.716981132		6.061919505	14.08633094					1.290705339	4.956962025	11.49510763
OTU1862	1.686477175	2.472222222			6.024615385	3.030959752	3.521582734	5.291891892		2.532988357	10.04102564	3.872116018		11.49510763
OTU1866		2.472222222	4.183760684			30.30959752	1.760791367					2.581410679		
OTU18688	1.686477175				2.008205128			2.645945946		2.532988357				
OTU1870	1.686477175						1.760791367	5.291891892				1.290705339		
OTU18808		2.472222222			2.008205128		3.521582734		9.163806552				9.913924051	3.831702544
OTU1890	6.745908699			6.716981132	2.008205128			2.645945946	6.109204368			5.162821358		3.831702544
OTU1903	1.686477175				2.008205128			2.645945946			3.347008547			
OTU19035	1.686477175		4.183760684				1.760791367					1.290705339		
OTU1906	3.37295435	2.472222222		13.43396226		6.061919505	3.521582734	2.645945946					24.78481013	
OTU19116		2.472222222					1.760791367	5.291891892				1.290705339		
OTU19201			4.183760684				1.760791367		3.054602184					3.831702544
OTU1924	1.686477175				2.008205128		1.760791367	2.645945946		2.532988357		1.290705339		
OTU19241			4.183760684			3.030959752	5.282374101	2.645945946					4.956962025	
OTU1933		2.472222222	4.183760684		2.008205128			5.291891892		2.532988357				
OTU19354	3.37295435						1.760791367	2.645945946				7.744232037		
OTU1939	1.686477175			3.358490566			1.760791367	7.937837838						
OTU19396					2.008205128	3.030959752	5.282374101				3.347008547			
OTU1942			4.183760684	3.358490566				2.645945946		5.065976714		2.581410679		3.831702544
OTU1945	23.61068045			3.358490566							3.347008547			3.831702544
OTU1949	6.745908699			6.716981132	2.008205128				6.109204368					
OTU1951					2.008205128			2.645945946		2.532988357	6.694017094			3.831702544
OTU19522	1.686477175				2.008205128	6.061919505						2.581410679	4.956962025	
OTU1956	1.686477175		4.183760684	3.358490566			8.803956835		6.109204368					
OTU1958	1.686477175	2.472222222	16.73504274	6.716981132										
OTU196		4.944444444			2.008205128		1.760791367			2.532988357		1.290705339		
OTU1960			8.367521368				1.760791367			2.532988357				3.831702544
OTU1962	5.059431525				2.008205128		1.760791367		3.054602184			6.453526697		
OTU1965		7.416666667		10.0754717						2.532988357	6.694017094	1.290705339		3.831702544
OTU1977	1.686477175	2.472222222			2.008205128				30.54602184			3.872116018		7.663405088
OTU198	1.686477175		4.183760684		6.024615385		7.043165468		3.054602184	2.532988357				
OTU1980	3.37295435	4.944444444	4.183760684		10.04102564	6.061919505	1.760791367	2.645945946						
OTU1986			4.183760684	3.358490566						2.532988357		1.290705339		
OTU19863			8.367521368	13.43396226							3.347008547		4.956962025	3.831702544
OTU1987	1.686477175			3.358490566	2.008205128	3.030959752	3.521582734		6.109204368	2.532988357		1.290705339		
OTU1994	1.686477175		4.183760684	3.358490566		3.030959752						2.581410679	4.956962025	
OTU1997		2.472222222	4.183760684			3.030959752	1.760791367							
OTU1998		2.472222222	4.183760684		2.008205128			2.645945946						
OTU200	5.059431525		4.183760684	26.86792453							3.347008547	1.290705339		
OTU2002			8.367521368	3.358490566		3.030959752		2.645945946						
OTU2003		2.472222222	4.183760684	3.358490566	2.008205128							1.290705339		
OTU2007			4.183760684	3.358490566	4.016410256	6.061919505						1.290705339	4.956962025	
OTU2012	10.11886305	4.944444444	4.183760684	3.358490566			3.521582734							3.831702544
OTU2017					2.008205128		3.521582734	2.645945946					4.956962025	
OTU2018		2.472222222	4.183760684	3.358490566									4.956962025	
OTU2036	3.37295435			3.358490566	2.008205128		1.760791367					1.290705339		
OTU2040	1.686477175	2.472222222	4.183760684	3.358490566		9.092879257		7.937837838	3.054602184				4.956962025	
OTU2052	6.745908699	7.416666667		6.716981132								5.162821358		
OTU2053	1.686477175	4.944444444	4.183760684	3.358490566			1.760791367					2.581410679		
OTU2072	1.686477175		4.183760684				1.760791367			2.532988357		1.290705339		
OTU2073	13.4918174	4.944444444				3.030959752	1.760791367	2.645945946	6.109204368			2.581410679		
OTU2092							3.521582734	5.291891892	3.054602184					3.831702544
OTU20944			4.183760684	3.358490566					3.054602184			2.581410679		
OTU2100	1.686477175		8.367521368				1.760791367		3.054602184			3.872116018	4.956962025	
OTU21045										2.532988357	6.694017094	3.872116018		3.831702544
OTU21261				6.716981132			1.760791367		6.109204368	5.065976714				
OTU2128	1.686477175			3.358490566			7.043165468		15.27301092			2.581410679		
OTU2130	3.37295435		4.183760684			3.030959752			3.054602184					
OTU2135		2.472222222		3.358490566			3.521582734	21.16756757		2.532988357		1.290705339		
OTU214		2.472222222									3.347008547		9.913924051	3.831702544
OTU2142	8.432385874	2.472222222			2.008205128		1.760791367	7.937837838						3.831702544
OTU21445		2.472222222					1.760791367		3.054602184			1.290705339		
OTU21456	1.686477175	2.472222222					1.760791367		3.054602184			1.290705339		
OTU2147							1.760791367			7.598965071	3.347008547	2.581410679		3.831702544
OTU21473	1.686477175		4.183760684					5.291891892	6.109204368					
OTU2157	5.059431525			3.358490566	2.008205128		1.760791367			2.532988357		1.290705339		3.831702544
OTU2159		2.472222222				3.030959752	1.760791367				3.347008547	3.872116018	4.956962025	
OTU21620								2.645945946	3.054602184	2.532988357			4.956962025	
OTU2165	5.059431525			6.716981132	4.016410256	3.030959752	5.282374101		3.054602184			2.581410679		
OTU2168	1.686477175	2.472222222	4.183760684	3.358490566	2.008205128						3.347008547	1.290705339		3.831702544
OTU21691	1.686477175						8.803956835	2.645945946					4.956962025	
OTU217	1.686477175				2.008205128			5.291891892		2.532988357		2.581410679	9.913924051	
OTU2177	1.686477175		4.183760684					2.645945946			6.694017094	2.581410679	14.87088608	42.14872798
OTU2181	5.059431525	4.944444444		3.358490566	2.008205128									3.831702544
OTU2191										5.065976714	3.347008547	3.872116018	9.913924051	
OTU2195	1.686477175						7.043165468	2.645945946		2.532988357		2.581410679	4.956962025	
OTU2197				3.358490566	2.008205128		1.760791367	2.645945946	3.054602184					
OTU21974	1.686477175		4.183760684		2.008205128								4.956962025	
OTU2198						3.030959752			3.054602184			1.290705339	4.956962025	
OTU21981		4.944444444		3.358490566	2.008205128		1.760791367							
OTU220		2.472222222		3.358490566		3.030959752				10.13195343	16.73504274	1.290705339	4.956962025	11.49510763
OTU2201					2.008205128		1.760791367				3.347008547	2.581410679		3.831702544
OTU2205	1.686477175	2.472222222		3.358490566					3.054602184					
OTU2208	5.059431525	7.416666667	4.183760684		2.008205128	9.092879257	5.282374101	5.291891892		2.532988357	3.347008547	1.290705339	4.956962025	
OTU221		7.416666667	8.367521368	16.79245283			1.760791367				3.347008547			7.663405088
OTU2213								2.645945946	3.054602184	15.19793014			4.956962025	
OTU223	3.37295435		12.55128205	3.358490566	2.008205128	6.061919505				48.12677878	23.42905983	2.581410679	14.87088608	19.15851272
OTU2232					4.016410256	3.030959752				2.532988357		1.290705339		
OTU22366		2.472222222				3.030959752						1.290705339		3.831702544
OTU2242		4.944444444	8.367521368		20.08205128		1.760791367							
OTU2244	6.745908699	22.25	4.183760684				3.521582734	5.291891892				3.872116018		
OTU225	3.37295435	2.472222222	4.183760684	6.716981132	6.024615385	9.092879257	5.282374101	5.291891892	9.163806552					3.831702544
OTU2260	1.686477175	17.30555556		10.0754717	2.008205128	6.061919505				5.065976714	3.347008547	9.034937376	14.87088608	26.82191781
OTU2262	1.686477175		8.367521368				1.760791367			2.532988357				
OTU228	1.686477175	2.472222222								2.532988357	6.694017094			
OTU2287	5.059431525		33.47008547		4.016410256					7.598965071		7.744232037		3.831702544
OTU2290										5.065976714	3.347008547	1.290705339		7.663405088
OTU23036	1.686477175	7.416666667			4.016410256	3.030959752	7.043165468	2.645945946				6.453526697		
OTU2304	3.37295435	2.472222222		10.0754717			1.760791367				3.347008547			
OTU2305					8.032820513					2.532988357	3.347008547		4.956962025	
OTU23053	1.686477175		4.183760684	3.358490566		3.030959752								
OTU2307								2.645945946		10.13195343	16.73504274	2.581410679		
OTU233		4.944444444	8.367521368		6.024615385	6.061919505	5.282374101	2.645945946	3.054602184	2.532988357		2.581410679		3.831702544
OTU235	5.059431525	9.888888889		3.358490566	4.016410256		3.521582734		12.21840874	7.598965071		1.290705339	9.913924051	
OTU2360	3.37295435		8.367521368		2.008205128	3.030959752	3.521582734							3.831702544
OTU2383	5.059431525	19.77777778	20.91880342		2.008205128	6.061919505	3.521582734			2.532988357	10.04102564		9.913924051	
OTU2404							1.760791367			5.065976714	3.347008547	3.872116018	4.956962025	15.32681018
OTU242	11.80534022	24.72222222	29.28632479	6.716981132	14.0574359	15.15479876	7.043165468	5.291891892	24.43681747	5.065976714		7.744232037		
OTU24284			4.183760684	3.358490566		3.030959752						1.290705339		
OTU2439	1.686477175			6.716981132				2.645945946	3.054602184	2.532988357				
OTU246	86.01033592	39.55555556	46.02136752	47.01886792	64.2625641	42.43343653	15.8471223	29.10540541	9.163806552			52.91891892	4.956962025	
OTU2468					2.008205128			2.645945946	3.054602184			2.581410679		
OTU247	5.059431525	2.472222222			2.008205128				3.054602184					
OTU2471				3.358490566			1.760791367	2.645945946		2.532988357	3.347008547			
OTU2474				6.716981132		3.030959752	3.521582734	2.645945946	3.054602184			1.290705339		
OTU248	1.686477175	4.944444444		3.358490566	2.008205128	15.15479876	5.282374101	2.645945946		2.532988357	6.694017094		4.956962025	3.831702544
OTU2481					2.008205128		1.760791367	7.937837838		2.532988357				
OTU249	20.2377261	7.416666667	4.183760684		42.17230769	15.15479876			6.109204368			2.581410679		
OTU2493			4.183760684	3.358490566	2.008205128		3.521582734	2.645945946	3.054602184			1.290705339		
OTU2494		4.944444444		6.716981132			1.760791367	2.645945946	3.054602184			1.290705339		
OTU2496	1.686477175			3.358490566			5.282374101	2.645945946		2.532988357	10.04102564			
OTU2497	3.37295435	4.944444444						2.645945946			3.347008547			3.831702544
OTU250	3.37295435	12.36111111	12.55128205	13.43396226	16.06564103		3.521582734		6.109204368	5.065976714	10.04102564	1.290705339		7.663405088
OTU25031							1.760791367		3.054602184			1.290705339	4.956962025	
OTU2511	1.686477175					3.030959752		2.645945946						3.831702544
OTU2516	1.686477175	4.944444444	4.183760684				1.760791367	5.291891892	21.38221529			3.872116018		7.663405088
OTU2522	1.686477175			3.358490566	4.016410256	3.030959752	1.760791367	5.291891892			13.38803419	1.290705339		
OTU2528		2.472222222	4.183760684					5.291891892				1.290705339		
OTU253	11.80534022	2.472222222	8.367521368	26.86792453	6.024615385		1.760791367					1.290705339		
OTU2533	1.686477175							2.645945946		2.532988357		1.290705339		
OTU2539	1.686477175	4.944444444			2.008205128	3.030959752		2.645945946				2.581410679		
OTU25392	1.686477175		8.367521368				1.760791367							3.831702544
OTU25543	1.686477175				2.008205128		1.760791367	2.645945946						3.831702544
OTU256	3.37295435	2.472222222		3.358490566	2.008205128						3.347008547	2.581410679		
OTU2561					2.008205128			10.58378378			3.347008547	2.581410679		
OTU2562	1.686477175	2.472222222	4.183760684					2.645945946				1.290705339		3.831702544
OTU2570	1.686477175		4.183760684				1.760791367	2.645945946	3.054602184			2.581410679		
OTU2575	1.686477175				2.008205128		1.760791367	2.645945946						
OTU2585	8.432385874	2.472222222	8.367521368	10.0754717	4.016410256	9.092879257		2.645945946	3.054602184			2.581410679		
OTU2591								2.645945946		2.532988357	3.347008547			3.831702544
OTU2594	6.745908699		4.183760684			3.030959752		2.645945946						
OTU2600	3.37295435	2.472222222				3.030959752		2.645945946						
OTU2603				3.358490566	2.008205128			2.645945946	3.054602184				4.956962025	
OTU2605	1.686477175	2.472222222			4.016410256			2.645945946						
OTU2606	15.17829457	7.416666667	8.367521368	30.22641509	4.016410256		5.282374101	2.645945946	3.054602184	2.532988357	3.347008547	1.290705339		3.831702544
OTU2609					4.016410256	3.030959752		7.937837838	6.109204368					
OTU261	5.059431525	9.888888889	4.183760684		6.024615385		1.760791367			5.065976714	3.347008547	3.872116018		
OTU2612		2.472222222	4.183760684			3.030959752		2.645945946				2.581410679	4.956962025	
OTU262	1.686477175				4.016410256	3.030959752		5.291891892		5.065976714	3.347008547		4.956962025	
OTU2621		2.472222222						2.645945946			3.347008547	1.290705339		
OTU263	6.745908699	7.416666667	4.183760684	3.358490566	8.032820513	3.030959752	1.760791367							
OTU2630	1.686477175		4.183760684					2.645945946		2.532988357				
OTU264	15.17829457	19.77777778	12.55128205	10.0754717	2.008205128	24.24767802	7.043165468	15.87567568	18.3276131	12.66494179	10.04102564	7.744232037	4.956962025	3.831702544
OTU26493	1.686477175	4.944444444									3.347008547			3.831702544
OTU2651							5.282374101	2.645945946	3.054602184			3.872116018		
OTU2658	1.686477175	2.472222222		3.358490566	2.008205128			2.645945946				1.290705339		
OTU2659	1.686477175						1.760791367	5.291891892				2.581410679		
OTU2667	1.686477175			6.716981132		6.061919505	1.760791367	2.645945946						
OTU2681		2.472222222			2.008205128		8.803956835	7.937837838	18.3276131			12.90705339		
OTU2687	3.37295435			3.358490566		3.030959752	1.760791367	2.645945946						
OTU2688	6.745908699	4.944444444		3.358490566		3.030959752	1.760791367	2.645945946				1.290705339		
OTU2692					2.008205128		5.282374101	2.645945946	6.109204368	2.532988357		2.581410679		
OTU270	3.37295435		4.183760684			3.030959752			15.27301092					
OTU2702	3.37295435	2.472222222					1.760791367		6.109204368			1.290705339		3.831702544
OTU2704		4.944444444		3.358490566						2.532988357		1.290705339		3.831702544
OTU27049						3.030959752	3.521582734		3.054602184		3.347008547	1.290705339		
OTU2706		2.472222222	4.183760684									1.290705339		3.831702544
OTU2715		2.472222222					12.32553957	2.645945946	3.054602184			3.872116018		
OTU272		2.472222222			2.008205128		1.760791367	2.645945946				1.290705339		
OTU274	5.059431525	2.472222222			6.024615385	3.030959752			3.054602184	2.532988357				
OTU2740		2.472222222	12.55128205		4.016410256			5.291891892		2.532988357		5.162821358	4.956962025	
OTU2760	3.37295435	2.472222222		3.358490566	4.016410256		3.521582734		3.054602184			1.290705339		
OTU2764		2.472222222	4.183760684					2.645945946				1.290705339		
OTU27649					2.008205128		1.760791367	5.291891892				1.290705339		
OTU277	57.34022394	9.888888889	50.20512821	23.50943396	14.0574359	27.27863777	15.8471223	2.645945946	12.21840874	7.598965071	10.04102564	30.97692815		15.32681018
OTU2774	1.686477175	2.472222222		3.358490566	4.016410256		1.760791367		3.054602184					
OTU279	3.37295435				14.0574359	6.061919505							4.956962025	
OTU2792		4.944444444					3.521582734		3.054602184			2.581410679		
OTU28031	1.686477175							2.645945946		2.532988357	3.347008547	2.581410679		
OTU2809		2.472222222	4.183760684	3.358490566	4.016410256	3.030959752		2.645945946	3.054602184					
OTU281	3.37295435	2.472222222				6.061919505			3.054602184					
OTU2817		2.472222222			2.008205128		3.521582734					1.290705339		
OTU2819		2.472222222			2.008205128		1.760791367					1.290705339		
OTU2837		4.944444444	8.367521368	10.0754717	4.016410256	9.092879257	1.760791367					1.290705339		
OTU285	6.745908699	7.416666667		6.716981132	6.024615385	6.061919505				5.065976714	10.04102564	6.453526697	19.8278481	11.49510763
OTU2850	1.686477175	2.472222222					1.760791367	2.645945946						
OTU2851		4.944444444		3.358490566			1.760791367					1.290705339	4.956962025	3.831702544
OTU2860		4.944444444					1.760791367		12.21840874				4.956962025	
OTU2877		9.888888889						2.645945946		2.532988357	3.347008547			
OTU2880	5.059431525	7.416666667		3.358490566	4.016410256	3.030959752	5.282374101	2.645945946						
OTU2886	1.686477175	2.472222222		3.358490566		3.030959752				2.532988357				
OTU2890	5.059431525	9.888888889			4.016410256	3.030959752						1.290705339		
OTU2891		9.888888889			6.024615385				9.163806552			1.290705339		
OTU28927	1.686477175					3.030959752	1.760791367		3.054602184					
OTU290	3.37295435	2.472222222	8.367521368	6.716981132	2.008205128	12.12383901	3.521582734	18.52162162	12.21840874	2.532988357		12.90705339	4.956962025	
OTU2910		2.472222222				6.061919505	3.521582734			2.532988357				
OTU2918	1.686477175	2.472222222	4.183760684		2.008205128		3.521582734	2.645945946	3.054602184			2.581410679	4.956962025	
OTU2938											3.347008547	2.581410679	4.956962025	7.663405088
OTU2941					2.008205128	3.030959752				2.532988357	10.04102564	3.872116018	4.956962025	
OTU2943			4.183760684	3.358490566	2.008205128	12.12383901		2.645945946		2.532988357			4.956962025	3.831702544
OTU2945				6.716981132	2.008205128					5.065976714			4.956962025	
OTU2948							1.760791367				3.347008547	1.290705339	14.87088608	
OTU2960		4.944444444		10.0754717						2.532988357	3.347008547			
OTU297	1.686477175		12.55128205		2.008205128					2.532988357				
OTU2973					2.008205128					5.065976714		2.581410679	9.913924051	7.663405088
OTU2981			4.183760684				1.760791367			5.065976714	10.04102564			
OTU29820	1.686477175	2.472222222								2.532988357		1.290705339		
OTU299	28.67011197	14.83333333	33.47008547	23.50943396								2.581410679		
OTU3					2.008205128	3.030959752	7.043165468			7.598965071	13.38803419	2.581410679	9.913924051	
OTU301	1.686477175	4.944444444		16.79245283	4.016410256		3.521582734	2.645945946		2.532988357		10.32564272	4.956962025	
OTU3022									3.054602184	12.66494179	3.347008547	2.581410679		
OTU30364		2.472222222		3.358490566							3.347008547			3.831702544
OTU304	5.059431525			3.358490566	24.09846154	3.030959752		2.645945946					9.913924051	
OTU305	1.686477175				4.016410256		1.760791367	5.291891892	3.054602184			1.290705339		
OTU3050	1.686477175				4.016410256							1.290705339	4.956962025	
OTU3052				3.358490566	2.008205128						3.347008547	1.290705339		
OTU30663			4.183760684			3.030959752	1.760791367		3.054602184					
OTU307	5.059431525				2.008205128		3.521582734	7.937837838				1.290705339		
OTU3077	13.4918174		4.183760684	13.43396226	2.008205128							1.290705339	4.956962025	
OTU308	11.80534022	24.72222222	4.183760684	13.43396226	6.024615385	15.15479876	3.521582734			2.532988357	6.694017094	10.32564272	4.956962025	15.32681018
OTU3114										7.598965071	10.04102564	1.290705339		3.831702544
OTU3129		2.472222222		3.358490566	2.008205128							2.581410679		
OTU313	5.059431525			6.716981132	4.016410256			2.645945946		2.532988357		10.32564272		3.831702544
OTU314	1.686477175		4.183760684	3.358490566	2.008205128	3.030959752	12.32553957			5.065976714		3.872116018		
OTU3140	3.37295435		4.183760684	3.358490566			3.521582734		6.109204368					3.831702544
OTU3143	3.37295435	2.472222222	8.367521368	10.0754717	2.008205128		14.08633094	15.87567568	6.109204368		3.347008547	9.034937376		
OTU3147	3.37295435	2.472222222	4.183760684	6.716981132	6.024615385				3.054602184			1.290705339		3.831702544
OTU3168		4.944444444		6.716981132	4.016410256		1.760791367				3.347008547	1.290705339	4.956962025	
OTU31711	1.686477175		4.183760684			3.030959752	1.760791367							
OTU3179	1.686477175	2.472222222	4.183760684					2.645945946				1.290705339		
OTU3182	1.686477175						1.760791367			7.598965071	6.694017094	3.872116018		
OTU319	1.686477175				2.008205128	3.030959752						1.290705339		
OTU3193				3.358490566			1.760791367		6.109204368			1.290705339		
OTU3198		7.416666667	8.367521368	6.716981132	10.04102564			2.645945946		2.532988357				
OTU322		2.472222222		3.358490566				2.645945946						3.831702544
OTU3225	1.686477175						1.760791367			2.532988357	3.347008547	2.581410679		
OTU323	1.686477175	2.472222222									3.347008547	2.581410679		
OTU3230	1.686477175	2.472222222	8.367521368		2.008205128		8.803956835	2.645945946	3.054602184	2.532988357	3.347008547	2.581410679		
OTU3231	1.686477175		4.183760684		4.016410256		3.521582734							
OTU3233				3.358490566		3.030959752			6.109204368			1.290705339		
OTU3240		4.944444444			2.008205128		1.760791367					2.581410679	4.956962025	
OTU3243					4.016410256	18.18575851	8.803956835	7.937837838	12.21840874	2.532988357				
OTU3267			8.367521368			3.030959752	3.521582734	2.645945946	6.109204368			12.90705339		7.663405088
OTU327	8.432385874	2.472222222			6.024615385	3.030959752	8.803956835	7.937837838	15.27301092			2.581410679		
OTU3271	1.686477175	2.472222222			4.016410256								4.956962025	
OTU3279			4.183760684			3.030959752		5.291891892	9.163806552	5.065976714	3.347008547	2.581410679		7.663405088
OTU3287	3.37295435	2.472222222				3.030959752						2.581410679		
OTU3292	3.37295435		8.367521368	3.358490566	2.008205128	3.030959752	1.760791367	5.291891892		5.065976714	6.694017094	7.744232037		3.831702544
OTU33	5.059431525	2.472222222				3.030959752	1.760791367	2.645945946	3.054602184	7.598965071		10.32564272		7.663405088
OTU330	8.432385874	7.416666667		3.358490566	6.024615385	3.030959752	5.282374101	2.645945946	3.054602184	2.532988357	10.04102564	10.32564272		45.98043053
OTU3335				3.358490566		3.030959752	3.521582734		3.054602184			5.162821358		
OTU3338		2.472222222					7.043165468					2.581410679		3.831702544
OTU334	1.686477175	2.472222222	4.183760684							2.532988357				
OTU3344						3.030959752	3.521582734		6.109204368			9.034937376		
OTU3347			4.183760684	3.358490566		3.030959752	3.521582734	13.22972973	6.109204368					
OTU335	3.37295435	4.944444444		3.358490566	2.008205128			7.937837838	3.054602184		6.694017094	6.453526697	4.956962025	
OTU3368			4.183760684		2.008205128			7.937837838						3.831702544
OTU3372			4.183760684	3.358490566	6.024615385		1.760791367		3.054602184			1.290705339		
OTU3373	1.686477175				2.008205128		1.760791367	5.291891892						
OTU3381	21.92420327	2.472222222		3.358490566			7.043165468	2.645945946		10.13195343		1.290705339		7.663405088
OTU339		4.944444444	8.367521368	6.716981132		12.12383901	1.760791367	5.291891892	3.054602184	2.532988357	3.347008547	2.581410679		7.663405088
OTU3393	1.686477175			3.358490566		3.030959752	5.282374101	2.645945946				1.290705339		
OTU342	1.686477175			3.358490566	6.024615385	9.092879257	10.5647482					3.872116018	4.956962025	
OTU343	11.80534022		8.367521368		8.032820513	3.030959752	14.08633094	10.58378378	27.49141966	2.532988357	6.694017094	20.65128543	4.956962025	7.663405088
OTU3443					6.024615385		3.521582734	5.291891892	6.109204368					
OTU3453						6.061919505		2.645945946	6.109204368			2.581410679		
OTU3464					2.008205128			5.291891892	3.054602184			2.581410679		
OTU347	8.432385874	2.472222222	33.47008547		6.024615385		14.08633094	5.291891892	6.109204368			9.034937376	4.956962025	19.15851272
OTU3478						3.030959752				10.13195343	10.04102564	6.453526697		11.49510763
OTU3486	3.37295435		4.183760684		2.008205128			2.645945946					4.956962025	
OTU3490		2.472222222	4.183760684	3.358490566		3.030959752	1.760791367		3.054602184	2.532988357		2.581410679		
OTU3505	1.686477175				2.008205128		3.521582734		3.054602184					
OTU3507	3.37295435	4.944444444		3.358490566	6.024615385		1.760791367	2.645945946				2.581410679		
OTU3514	1.686477175	2.472222222	4.183760684				3.521582734							
OTU3532		2.472222222				6.061919505	1.760791367	2.645945946					4.956962025	
OTU3544	1.686477175	2.472222222			2.008205128		3.521582734	5.291891892	6.109204368			1.290705339		
OTU3549	1.686477175	2.472222222	4.183760684			3.030959752	7.043165468	2.645945946	3.054602184			2.581410679		
OTU355		2.472222222				3.030959752		2.645945946	9.163806552			1.290705339		
OTU3558	1.686477175			6.716981132	2.008205128		3.521582734			17.7309185	20.08205128	10.32564272	4.956962025	7.663405088
OTU356	1.686477175		12.55128205		2.008205128	3.030959752			3.054602184			2.581410679		
OTU357	1.686477175				2.008205128	3.030959752						1.290705339		3.831702544
OTU3577					2.008205128	3.030959752	3.521582734	2.645945946				1.290705339		
OTU358		2.472222222					3.521582734	5.291891892				2.581410679		
OTU3582	1.686477175		4.183760684	6.716981132	2.008205128		12.32553957	13.22972973	6.109204368	5.065976714	10.04102564	5.162821358	9.913924051	7.663405088
OTU3605	1.686477175											1.290705339	4.956962025	3.831702544
OTU361	1.686477175	2.472222222								2.532988357	3.347008547	1.290705339	9.913924051	11.49510763
OTU3616							1.760791367			5.065976714		1.290705339	4.956962025	
OTU3634			4.183760684			6.061919505		2.645945946			3.347008547	1.290705339		
OTU3647							1.760791367			2.532988357		3.872116018		3.831702544
OTU368	3.37295435	4.944444444	4.183760684	3.358490566								2.581410679		
OTU3692							3.521582734	2.645945946		12.66494179			4.956962025	7.663405088
OTU3696	1.686477175	2.472222222		3.358490566				2.645945946					4.956962025	3.831702544
OTU3697	1.686477175		12.55128205		4.016410256		1.760791367							
OTU37	8.432385874	27.19444444		10.0754717	4.016410256	15.15479876	10.5647482	5.291891892	3.054602184	25.32988357	10.04102564	12.90705339	39.6556962	22.99021526
OTU3712	1.686477175						1.760791367	10.58378378	3.054602184	5.065976714		2.581410679		
OTU3774	1.686477175		4.183760684	3.358490566					3.054602184					
OTU3792	5.059431525	2.472222222				3.030959752	1.760791367	2.645945946	9.163806552			3.872116018	4.956962025	
OTU3799		2.472222222	8.367521368		4.016410256	3.030959752	5.282374101	26.45945946	6.109204368			9.034937376		3.831702544
OTU38	8.432385874			3.358490566			1.760791367			10.13195343	6.694017094	5.162821358		
OTU380		2.472222222		10.0754717	8.032820513	12.12383901			3.054602184		3.347008547	10.32564272		3.831702544
OTU383	8.432385874	7.416666667	4.183760684	3.358490566	2.008205128							2.581410679		3.831702544
OTU3830					2.008205128	6.061919505	1.760791367		3.054602184		3.347008547	2.581410679	4.956962025	3.831702544
OTU3836		4.944444444			2.008205128		1.760791367					2.581410679		3.831702544
OTU384		4.944444444	4.183760684	3.358490566							3.347008547	1.290705339		3.831702544
OTU386	16.86477175	12.36111111	4.183760684	10.0754717	8.032820513		12.32553957	5.291891892	12.21840874		3.347008547	10.32564272		3.831702544
OTU3899					2.008205128			7.937837838			3.347008547	5.162821358		
OTU3911	1.686477175		4.183760684					10.58378378		2.532988357	3.347008547	5.162821358		
OTU3918	1.686477175		4.183760684				1.760791367	7.937837838				2.581410679		
OTU392	3.37295435			6.716981132						2.532988357			9.913924051	
OTU39217	1.686477175					3.030959752	3.521582734		6.109204368					
OTU39242	1.686477175						1.760791367	2.645945946				1.290705339		
OTU393	1.686477175	7.416666667		3.358490566	2.008205128	3.030959752								
OTU3936	1.686477175		4.183760684							5.065976714	10.04102564			3.831702544
OTU3939										12.66494179	6.694017094	2.581410679	9.913924051	3.831702544
OTU394	1.686477175				2.008205128	3.030959752		2.645945946				2.581410679	4.956962025	
OTU3948	3.37295435			6.716981132	12.04923077		1.760791367		3.054602184	2.532988357				
OTU3965		2.472222222			6.024615385					2.532988357	3.347008547			
OTU3970				3.358490566	4.016410256		1.760791367			2.532988357				
OTU398	3.37295435	7.416666667		3.358490566	4.016410256	9.092879257	1.760791367			20.26390686	3.347008547			
OTU401		2.472222222	4.183760684							5.065976714			4.956962025	
OTU4020							1.760791367			10.13195343	6.694017094	3.872116018		
OTU4025			4.183760684	3.358490566		12.12383901	1.760791367			10.13195343	3.347008547	1.290705339		
OTU4043							3.521582734	7.937837838	6.109204368	2.532988357		1.290705339		
OTU4075					2.008205128		1.760791367			2.532988357	16.73504274		14.87088608	3.831702544
OTU4091	1.686477175				2.008205128					5.065976714	3.347008547	3.872116018	9.913924051	
OTU4097							1.760791367			2.532988357		1.290705339	4.956962025	
OTU4098	1.686477175						10.5647482			2.532988357		3.872116018		
OTU410		2.472222222	8.367521368			6.061919505						1.290705339		
OTU4107	3.37295435	2.472222222	4.183760684		2.008205128	12.12383901	3.521582734	7.937837838		2.532988357				
OTU4118	1.686477175	2.472222222		3.358490566						5.065976714	3.347008547	5.162821358		
OTU4128		2.472222222	4.183760684	3.358490566	4.016410256					2.532988357			4.956962025	
OTU4149			4.183760684							2.532988357	6.694017094	1.290705339		
OTU415	1.686477175			3.358490566	6.024615385	24.24767802			3.054602184			1.290705339		7.663405088
OTU4151				3.358490566		3.030959752	1.760791367		3.054602184	2.532988357			4.956962025	3.831702544
OTU4172			4.183760684		2.008205128			2.645945946			3.347008547			
OTU4192	5.059431525				2.008205128	3.030959752	1.760791367	2.645945946	3.054602184	2.532988357	3.347008547	6.453526697	4.956962025	
OTU420					2.008205128		1.760791367	2.645945946	3.054602184	2.532988357	3.347008547			
OTU4205	6.745908699		8.367521368	3.358490566	4.016410256		1.760791367	5.291891892						
OTU4208	8.432385874	2.472222222		3.358490566	4.016410256	3.030959752	3.521582734	5.291891892	6.109204368	2.532988357	3.347008547			
OTU421	1.686477175					3.030959752	5.282374101		3.054602184			1.290705339		
OTU4214		4.944444444			6.024615385		1.760791367		3.054602184			2.581410679		
OTU4228					4.016410256			2.645945946	9.163806552	7.598965071	3.347008547			
OTU4229					2.008205128	3.030959752			3.054602184	2.532988357	6.694017094			
OTU423	5.059431525	9.888888889	4.183760684		4.016410256	6.061919505		5.291891892		2.532988357		1.290705339		7.663405088
OTU4230					6.024615385	3.030959752			3.054602184			3.872116018	4.956962025	
OTU4234	1.686477175	2.472222222			4.016410256			2.645945946						
OTU4244	1.686477175	4.944444444	4.183760684		2.008205128		17.60791367		6.109204368	2.532988357	3.347008547		4.956962025	
OTU4247		2.472222222		3.358490566	4.016410256	3.030959752								
OTU4267		4.944444444		3.358490566	2.008205128					2.532988357				
OTU427	3.37295435	4.944444444		3.358490566				2.645945946						
OTU4279					2.008205128	3.030959752	3.521582734		3.054602184			5.162821358		
OTU4281					8.032820513	3.030959752	1.760791367		3.054602184	10.13195343	10.04102564	10.32564272	4.956962025	19.15851272
OTU4313					10.04102564		1.760791367	5.291891892	6.109204368	10.13195343	3.347008547	1.290705339		3.831702544
OTU4314	8.432385874				4.016410256		3.521582734	2.645945946						3.831702544
OTU4324	11.80534022	2.472222222	4.183760684		2.008205128				3.054602184					
OTU4325		7.416666667		6.716981132	4.016410256		1.760791367		3.054602184	2.532988357				3.831702544
OTU4330	6.745908699	2.472222222		3.358490566	4.016410256	6.061919505	7.043165468	2.645945946	3.054602184					
OTU4346	1.686477175		8.367521368	3.358490566	2.008205128	6.061919505	3.521582734		3.054602184					
OTU4350			4.183760684		2.008205128	6.061919505	1.760791367	2.645945946	3.054602184					
OTU4359	3.37295435	2.472222222	8.367521368		6.024615385	3.030959752	5.282374101		3.054602184			1.290705339		
OTU4371		2.472222222			2.008205128				12.21840874			1.290705339		
OTU4376	1.686477175				2.008205128					2.532988357		1.290705339		3.831702544
OTU439	10.11886305	9.888888889	4.183760684	13.43396226	8.032820513	6.061919505	12.32553957	10.58378378	15.27301092	2.532988357	3.347008547			3.831702544
OTU4400	3.37295435	2.472222222		6.716981132								3.872116018		3.831702544
OTU4414	1.686477175			3.358490566			5.282374101	2.645945946	3.054602184			1.290705339		
OTU4415	3.37295435	2.472222222		3.358490566	2.008205128		8.803956835	2.645945946						
OTU4422	1.686477175			3.358490566			1.760791367		3.054602184	2.532988357		1.290705339		
OTU4428				16.79245283	2.008205128	3.030959752			3.054602184					
OTU4434	1.686477175			3.358490566		3.030959752	1.760791367			2.532988357				
OTU4439			4.183760684	33.58490566	2.008205128			2.645945946				1.290705339		
OTU4441		2.472222222		3.358490566	4.016410256	3.030959752								
OTU445	1.686477175	4.944444444	16.73504274		8.032820513	3.030959752	5.282374101	5.291891892	9.163806552			3.872116018		
OTU4472				3.358490566		6.061919505	5.282374101	7.937837838						
OTU4475		2.472222222	4.183760684	3.358490566			3.521582734		3.054602184			2.581410679		
OTU449	3.37295435	2.472222222					3.521582734	15.87567568	3.054602184			2.581410679		
OTU4494	1.686477175			6.716981132	2.008205128	6.061919505				5.065976714		1.290705339		
OTU4498	5.059431525			3.358490566			1.760791367					1.290705339		3.831702544
OTU450	1.686477175						1.760791367		3.054602184		3.347008547	1.290705339		
OTU4504	1.686477175	4.944444444	4.183760684	23.50943396	4.016410256	3.030959752	1.760791367		3.054602184			5.162821358		3.831702544
OTU4510	1.686477175	4.944444444	8.367521368	6.716981132			1.760791367		6.109204368			3.872116018	4.956962025	
OTU4537			4.183760684	6.716981132	4.016410256								4.956962025	
OTU454				3.358490566	4.016410256					2.532988357		2.581410679		3.831702544
OTU4544	1.686477175	2.472222222		3.358490566		3.030959752					3.347008547			
OTU455	6.745908699	7.416666667	12.55128205	26.86792453	14.0574359	12.12383901	10.5647482	18.52162162	33.60062402			2.581410679	4.956962025	
OTU4550	1.686477175			3.358490566	2.008205128									3.831702544
OTU4560				3.358490566							3.347008547	2.581410679	4.956962025	3.831702544
OTU4563				3.358490566			1.760791367	7.937837838	9.163806552			1.290705339	4.956962025	7.663405088
OTU457	1.686477175	2.472222222	4.183760684					5.291891892				1.290705339		11.49510763
OTU458	3.37295435			13.43396226		3.030959752	14.08633094		3.054602184	2.532988357		3.872116018		
OTU4596			4.183760684	3.358490566	4.016410256		3.521582734							
OTU4600		2.472222222		3.358490566		3.030959752								3.831702544
OTU4604	1.686477175	4.944444444	4.183760684	6.716981132	2.008205128									
OTU4607		2.472222222		3.358490566			1.760791367	7.937837838			3.347008547			7.663405088
OTU461		12.36111111		6.716981132	6.024615385	6.061919505			3.054602184		6.694017094	3.872116018		3.831702544
OTU4611		7.416666667					1.760791367	2.645945946					4.956962025	
OTU462		2.472222222	4.183760684	3.358490566	2.008205128							3.872116018	4.956962025	
OTU4626		2.472222222			2.008205128	3.030959752					3.347008547	2.581410679		
OTU4627	1.686477175	2.472222222			2.008205128		1.760791367		3.054602184				9.913924051	
OTU463	5.059431525	2.472222222			2.008205128							1.290705339		
OTU4639		2.472222222			2.008205128		1.760791367	2.645945946				5.162821358	4.956962025	
OTU464	8.432385874	2.472222222	4.183760684				5.282374101	5.291891892				12.90705339	9.913924051	
OTU4662	1.686477175	7.416666667		3.358490566		3.030959752								
OTU4671	8.432385874	7.416666667			2.008205128						10.04102564			
OTU4674	3.37295435	7.416666667	4.183760684	3.358490566		6.061919505	3.521582734	2.645945946						3.831702544
OTU4678	1.686477175	4.944444444					3.521582734	2.645945946			3.347008547	2.581410679		
OTU4695		2.472222222					3.521582734				6.694017094	1.290705339		
OTU4707	1.686477175	4.944444444		3.358490566	4.016410256		3.521582734							
OTU4715	1.686477175	2.472222222		6.716981132								2.581410679		
OTU4725	3.37295435	4.944444444				6.061919505	10.5647482	2.645945946	6.109204368			1.290705339		3.831702544
OTU4729		2.472222222		3.358490566			3.521582734	2.645945946		7.598965071	3.347008547	1.290705339		
OTU473	10.11886305	7.416666667			2.008205128		7.043165468	5.291891892				1.290705339	4.956962025	3.831702544
OTU4735	1.686477175	4.944444444	4.183760684				7.043165468		3.054602184		3.347008547			3.831702544
OTU474	1.686477175	4.944444444						2.645945946						3.831702544
OTU4786	1.686477175	2.472222222	4.183760684				3.521582734							
OTU4812	1.686477175	4.944444444			2.008205128				3.054602184					
OTU4826			4.183760684		2.008205128			5.291891892				1.290705339		
OTU4832	1.686477175	7.416666667						2.645945946		12.66494179	10.04102564	1.290705339		22.99021526
OTU4862	3.37295435				4.016410256	3.030959752			3.054602184					
OTU4863	5.059431525	4.944444444			14.0574359	6.061919505		2.645945946	3.054602184			3.872116018		3.831702544
OTU487					4.016410256		3.521582734	2.645945946	6.109204368	7.598965071	23.42905983	2.581410679	14.87088608	11.49510763
OTU4877		2.472222222			2.008205128							1.290705339		3.831702544
OTU4883							1.760791367			12.66494179	3.347008547	5.162821358		
OTU4890					2.008205128		1.760791367		3.054602184			2.581410679		
OTU4896				3.358490566	2.008205128			2.645945946	3.054602184					
OTU490	1.686477175		8.367521368		2.008205128	3.030959752			3.054602184					
OTU4922	3.37295435	2.472222222		3.358490566						2.532988357				
OTU4935					2.008205128		1.760791367		6.109204368			5.162821358		11.49510763
OTU494	1.686477175	4.944444444	4.183760684		2.008205128							1.290705339	4.956962025	
OTU4946	1.686477175		4.183760684	3.358490566	4.016410256		1.760791367					7.744232037		
OTU49580					2.008205128	3.030959752		2.645945946				1.290705339		
OTU4959	1.686477175				2.008205128		5.282374101	2.645945946	6.109204368					
OTU497	1.686477175	4.944444444			2.008205128							1.290705339		
OTU500		2.472222222		3.358490566			5.282374101					2.581410679		
OTU501				3.358490566	4.016410256			2.645945946			3.347008547			
OTU504	5.059431525			6.716981132	4.016410256	6.061919505		2.645945946						
OTU5042					2.008205128		1.760791367	5.291891892		2.532988357				
OTU5051							5.282374101			2.532988357	3.347008547			3.831702544
OTU5066			4.183760684				8.803956835			2.532988357		2.581410679		
OTU507	3.37295435	2.472222222			2.008205128		5.282374101	10.58378378	12.21840874			3.872116018		
OTU5070	1.686477175				2.008205128		7.043165468	2.645945946						
OTU5080					2.008205128		1.760791367	2.645945946				1.290705339		
OTU5092				3.358490566	2.008205128		1.760791367					1.290705339	9.913924051	
OTU5099		4.944444444					3.521582734	2.645945946				1.290705339	4.956962025	
OTU51	11.80534022	4.944444444	4.183760684	3.358490566	2.008205128	3.030959752		2.645945946	3.054602184					
OTU510	3.37295435	4.944444444	4.183760684		2.008205128		3.521582734				3.347008547	2.581410679		
OTU5125				3.358490566	2.008205128		1.760791367					3.872116018		
OTU5136	1.686477175	2.472222222		3.358490566	2.008205128		3.521582734							
OTU514		2.472222222					1.760791367			2.532988357	3.347008547	2.581410679	4.956962025	
OTU5147	1.686477175						1.760791367				3.347008547		4.956962025	
OTU5168					4.016410256	6.061919505	1.760791367		3.054602184					
OTU5171	1.686477175				2.008205128		5.282374101					1.290705339		3.831702544
OTU5185	1.686477175	2.472222222			2.008205128		1.760791367							
OTU5198	3.37295435						1.760791367				3.347008547	1.290705339		
OTU5204	1.686477175						1.760791367			2.532988357				3.831702544
OTU5232	1.686477175						1.760791367	2.645945946				5.162821358	4.956962025	3.831702544
OTU524	8.432385874				2.008205128	3.030959752	3.521582734	5.291891892	3.054602184			1.290705339		
OTU5240				3.358490566			1.760791367		3.054602184			1.290705339		
OTU5254		2.472222222			2.008205128	3.030959752	3.521582734			2.532988357		2.581410679		3.831702544
OTU526					2.008205128		3.521582734			12.66494179	6.694017094	1.290705339		7.663405088
OTU5287	1.686477175									12.66494179	3.347008547	2.581410679		11.49510763
OTU531	1.686477175			3.358490566		6.061919505		2.645945946	6.109204368		3.347008547			3.831702544
OTU5312	1.686477175	7.416666667								2.532988357	3.347008547			
OTU5321		2.472222222								5.065976714	10.04102564	1.290705339		3.831702544
OTU5324	1.686477175									10.13195343	3.347008547	1.290705339		
OTU534	1.686477175	4.944444444					5.282374101					2.581410679		3.831702544
OTU5341		2.472222222							3.054602184	5.065976714				7.663405088
OTU5362	1.686477175					3.030959752	1.760791367			5.065976714	3.347008547			3.831702544
OTU5387	5.059431525							2.645945946		2.532988357	3.347008547			
OTU5390			4.183760684	3.358490566					3.054602184	2.532988357		1.290705339		
OTU540	1.686477175			6.716981132				2.645945946				1.290705339		
OTU5406									3.054602184	5.065976714		2.581410679		3.831702544
OTU543	6.745908699	12.36111111		13.43396226	2.008205128	6.061919505	12.32553957	18.52162162	9.163806552	5.065976714		6.453526697	4.956962025	7.663405088
OTU544		2.472222222	4.183760684		2.008205128		1.760791367					1.290705339		
OTU545				3.358490566		6.061919505						1.290705339	4.956962025	
OTU546	1.686477175	12.36111111		10.0754717	14.0574359	6.061919505	38.73741007	34.3972973	24.43681747	2.532988357	6.694017094	1.290705339	14.87088608	3.831702544
OTU5495							3.521582734	2.645945946		2.532988357			4.956962025	
OTU5523									3.054602184			5.162821358	4.956962025	15.32681018
OTU554	3.37295435			6.716981132			7.043165468	10.58378378				5.162821358		
OTU556	10.11886305	7.416666667	12.55128205	3.358490566	10.04102564	27.27863777	17.60791367	13.22972973	6.109204368			7.744232037		
OTU5573					2.008205128		1.760791367		3.054602184			1.290705339		
OTU559	3.37295435			6.716981132	6.024615385				3.054602184		3.347008547	3.872116018		3.831702544
OTU562		4.944444444		6.716981132	2.008205128							1.290705339		
OTU5622	1.686477175				2.008205128		3.521582734		3.054602184					3.831702544
OTU565	3.37295435	2.472222222		6.716981132			1.760791367	2.645945946	3.054602184				14.87088608	7.663405088
OTU5658	1.686477175				4.016410256			5.291891892	3.054602184					
OTU566	6.745908699	4.944444444					1.760791367	2.645945946						
OTU5687	1.686477175					3.030959752	7.043165468	5.291891892	6.109204368					3.831702544
OTU5696	1.686477175	2.472222222			4.016410256		1.760791367	5.291891892	12.21840874					
OTU5702	3.37295435				2.008205128	3.030959752		2.645945946						
OTU5709		4.944444444		3.358490566	8.032820513	6.061919505	1.760791367		6.109204368					
OTU571	1.686477175		4.183760684		6.024615385	12.12383901	5.282374101							
OTU5710					2.008205128	3.030959752	1.760791367	2.645945946	3.054602184			1.290705339		
OTU5711		2.472222222		3.358490566	2.008205128	3.030959752								
OTU5719	1.686477175			6.716981132	2.008205128			2.645945946						
OTU5737	3.37295435				6.024615385		3.521582734	2.645945946						
OTU5743	3.37295435	2.472222222		6.716981132	2.008205128			2.645945946	3.054602184	2.532988357				
OTU5745	1.686477175			3.358490566	4.016410256							1.290705339		
OTU576	1.686477175			3.358490566	6.024615385	3.030959752	1.760791367		3.054602184					
OTU5764			4.183760684		6.024615385	3.030959752	1.760791367					1.290705339		
OTU5767			58.57264957		4.016410256		1.760791367		3.054602184					
OTU5773		2.472222222			6.024615385	6.061919505	1.760791367	2.645945946	6.109204368		3.347008547	3.872116018		
OTU5776	1.686477175				2.008205128			5.291891892	9.163806552		6.694017094	2.581410679	4.956962025	3.831702544
OTU5785	3.37295435				4.016410256			2.645945946	3.054602184	2.532988357	6.694017094			
OTU5787	11.80534022				2.008205128		3.521582734	5.291891892						
OTU5795	1.686477175	2.472222222			2.008205128		1.760791367	2.645945946	3.054602184			1.290705339		
OTU580	5.059431525	9.888888889	8.367521368	6.716981132	24.09846154	27.27863777	14.08633094	7.937837838	15.27301092	2.532988357		6.453526697	9.913924051	3.831702544
OTU5803	3.37295435				2.008205128	3.030959752	1.760791367	5.291891892						
OTU582			12.55128205	3.358490566			10.5647482	15.87567568	9.163806552	7.598965071	16.73504274	3.872116018	14.87088608	3.831702544
OTU583										2.532988357	10.04102564	1.290705339		3.831702544
OTU5843	8.432385874		12.55128205	10.0754717	2.008205128				3.054602184				4.956962025	
OTU5848		2.472222222			2.008205128	3.030959752		5.291891892				2.581410679		
OTU5876	11.80534022	2.472222222	8.367521368	16.79245283	6.024615385	3.030959752	3.521582734	2.645945946	6.109204368					
OTU5891			4.183760684		4.016410256		1.760791367	2.645945946	3.054602184					3.831702544
OTU5894	3.37295435		4.183760684		2.008205128					2.532988357				
OTU5917		4.944444444					7.043165468	2.645945946	3.054602184			9.034937376		
OTU592	1.686477175		4.183760684			3.030959752	1.760791367	7.937837838		5.065976714	3.347008547	1.290705339	4.956962025	7.663405088
OTU5944	1.686477175				2.008205128		1.760791367			7.598965071				
OTU600		2.472222222	4.183760684		2.008205128		1.760791367							
OTU6001	1.686477175				2.008205128		1.760791367					1.290705339		
OTU6004	5.059431525				2.008205128					5.065976714				3.831702544
OTU6046		4.944444444						2.645945946				2.581410679	4.956962025	3.831702544
OTU6092			4.183760684	3.358490566	2.008205128	3.030959752								
OTU6098										2.532988357	3.347008547	1.290705339	9.913924051	3.831702544
OTU612	1.686477175			3.358490566		3.030959752							4.956962025	
OTU615	6.745908699		4.183760684		10.04102564		7.043165468	10.58378378	3.054602184	2.532988357	16.73504274	2.581410679		3.831702544
OTU6157		2.472222222			2.008205128	3.030959752						1.290705339		
OTU616		2.472222222					1.760791367	2.645945946				2.581410679		
OTU617	1.686477175	2.472222222			4.016410256	3.030959752	1.760791367	2.645945946		2.532988357			4.956962025	
OTU618	1.686477175	4.944444444			10.04102564	3.030959752	1.760791367	2.645945946	3.054602184			2.581410679		
OTU6182	5.059431525			3.358490566	4.016410256			2.645945946			3.347008547	2.581410679		
OTU6271	1.686477175	2.472222222						7.937837838				1.290705339		
OTU630		2.472222222			8.032820513		36.97661871	2.645945946	6.109204368	2.532988357			9.913924051	
OTU6309		4.944444444			4.016410256	3.030959752	1.760791367	2.645945946				1.290705339		
OTU631	3.37295435	2.472222222	8.367521368		2.008205128	9.092879257	8.803956835	2.645945946	3.054602184			2.581410679		
OTU632	3.37295435	4.944444444	4.183760684	6.716981132	6.024615385	6.061919505	5.282374101	2.645945946	9.163806552			23.23269611		
OTU6323			4.183760684		2.008205128				3.054602184	7.598965071		9.034937376		3.831702544
OTU6339						6.061919505		5.291891892	3.054602184			1.290705339		
OTU6371							1.760791367	2.645945946				1.290705339	4.956962025	3.831702544
OTU64	1.686477175	2.472222222					1.760791367				3.347008547	1.290705339	4.956962025	7.663405088
OTU641	33.7295435	7.416666667	4.183760684	10.0754717	30.12307692	21.21671827	14.08633094	13.22972973	21.38221529	12.66494179		1.290705339		
OTU644	1.686477175	4.944444444	4.183760684	6.716981132	6.024615385	6.061919505			3.054602184	2.532988357				
OTU646	11.80534022	2.472222222						2.645945946	6.109204368		3.347008547	2.581410679		
OTU6465					2.008205128		1.760791367		3.054602184			1.290705339		
OTU647		2.472222222		3.358490566	2.008205128	3.030959752	3.521582734							
OTU649	10.11886305	4.944444444	4.183760684	3.358490566	8.032820513		3.521582734	2.645945946	3.054602184			9.034937376	9.913924051	3.831702544
OTU651		2.472222222	12.55128205	6.716981132			1.760791367	2.645945946		2.532988357	10.04102564	1.290705339	4.956962025	7.663405088
OTU656	1.686477175	17.30555556	8.367521368	3.358490566	12.04923077	3.030959752	1.760791367	7.937837838			3.347008547	2.581410679	4.956962025	
OTU6563							3.521582734	2.645945946				1.290705339		3.831702544
OTU6572							3.521582734	5.291891892		2.532988357		1.290705339		
OTU6599										2.532988357	3.347008547	1.290705339	4.956962025	3.831702544
OTU6613					2.008205128					2.532988357	6.694017094			3.831702544
OTU6620			4.183760684				3.521582734	2.645945946		2.532988357				
OTU664			4.183760684			3.030959752	1.760791367		3.054602184					
OTU6642										2.532988357	6.694017094	2.581410679	9.913924051	
OTU6646		2.472222222	4.183760684	3.358490566			3.521582734	2.645945946		2.532988357		1.290705339		
OTU6660		2.472222222			6.024615385			2.645945946		7.598965071		2.581410679		
OTU6666	1.686477175									2.532988357	3.347008547	2.581410679	4.956962025	3.831702544
OTU6711	3.37295435				2.008205128		1.760791367		3.054602184			1.290705339		
OTU6718	1.686477175			3.358490566	2.008205128		1.760791367							
OTU673		2.472222222		3.358490566	24.09846154	12.12383901						3.872116018		
OTU6741	1.686477175						1.760791367		3.054602184			1.290705339	4.956962025	
OTU6756	1.686477175				2.008205128		1.760791367		3.054602184			1.290705339		
OTU6762	5.059431525	2.472222222			2.008205128		15.8471223							
OTU6834	1.686477175			3.358490566			3.521582734	5.291891892	6.109204368					
OTU685	16.86477175				10.04102564	3.030959752			3.054602184				4.956962025	
OTU6899		2.472222222		6.716981132	2.008205128							1.290705339		
OTU69	1.686477175		4.183760684									3.872116018	4.956962025	11.49510763
OTU6919	1.686477175				2.008205128			2.645945946	3.054602184					
OTU6932	3.37295435	2.472222222	4.183760684		4.016410256									
OTU6935	1.686477175		4.183760684				1.760791367		3.054602184			1.290705339		3.831702544
OTU694		2.472222222					1.760791367			2.532988357			4.956962025	
OTU704		7.416666667		6.716981132	4.016410256	3.030959752								3.831702544
OTU7069				3.358490566	2.008205128	3.030959752				2.532988357		1.290705339		3.831702544
OTU7126	1.686477175						3.521582734		12.21840874			2.581410679		
OTU713		2.472222222	4.183760684	3.358490566	4.016410256	3.030959752								
OTU7132					2.008205128	3.030959752	7.043165468	2.645945946						
OTU7157	1.686477175	2.472222222			2.008205128	6.061919505	1.760791367					1.290705339		
OTU7166							1.760791367			5.065976714	6.694017094	1.290705339		3.831702544
OTU719	3.37295435		4.183760684		2.008205128		3.521582734					2.581410679		
OTU7204					2.008205128					5.065976714		2.581410679	14.87088608	
OTU7241	1.686477175						1.760791367		6.109204368			1.290705339		
OTU7245						6.061919505	8.803956835	2.645945946	3.054602184			1.290705339		
OTU7299	1.686477175	4.944444444	4.183760684	3.358490566										
OTU73	3.37295435	9.888888889	8.367521368		4.016410256	3.030959752	1.760791367	7.937837838	3.054602184	15.19793014	10.04102564	5.162821358	24.78481013	11.49510763
OTU7300	3.37295435	2.472222222	4.183760684				1.760791367	2.645945946				1.290705339	4.956962025	
OTU733				3.358490566	2.008205128		3.521582734	2.645945946	3.054602184			2.581410679		
OTU7333		4.944444444			6.024615385	3.030959752						1.290705339	9.913924051	
OTU734		2.472222222	4.183760684		2.008205128		3.521582734		3.054602184				4.956962025	
OTU7342		2.472222222							3.054602184			2.581410679		3.831702544
OTU7348			4.183760684	6.716981132				2.645945946				1.290705339		
OTU736	6.745908699	7.416666667		10.0754717	8.032820513	3.030959752	12.32553957	2.645945946		2.532988357	3.347008547	5.162821358	4.956962025	
OTU7368			4.183760684			6.061919505						1.290705339	4.956962025	3.831702544
OTU739		2.472222222			2.008205128		1.760791367	2.645945946						
OTU7409	3.37295435				4.016410256	3.030959752			3.054602184			1.290705339		3.831702544
OTU7427	1.686477175	7.416666667					3.521582734	2.645945946	3.054602184	2.532988357	3.347008547	3.872116018		3.831702544
OTU757	5.059431525	4.944444444	16.73504274	13.43396226	6.024615385	36.37151703		7.937837838	3.054602184			2.581410679		
OTU7593	3.37295435								3.054602184		3.347008547		4.956962025	
OTU764	1.686477175			3.358490566	2.008205128	6.061919505								
OTU771		2.472222222		3.358490566		3.030959752					3.347008547			
OTU7730	3.37295435	2.472222222						2.645945946			3.347008547	2.581410679		
OTU7752	1.686477175		29.28632479		2.008205128								4.956962025	
OTU777	11.80534022			6.716981132	2.008205128		1.760791367			5.065976714			4.956962025	15.32681018
OTU7773	1.686477175						1.760791367	2.645945946	3.054602184			1.290705339		
OTU7791		2.472222222	4.183760684	6.716981132							3.347008547	2.581410679		3.831702544
OTU7813						3.030959752			3.054602184			2.581410679	9.913924051	
OTU783			8.367521368	3.358490566		3.030959752	3.521582734			2.532988357	3.347008547	2.581410679		3.831702544
OTU785	1.686477175	2.472222222				6.061919505						1.290705339		
OTU7914			4.183760684				1.760791367				3.347008547	1.290705339		
OTU7942	1.686477175		4.183760684			6.061919505	7.043165468	2.645945946				3.872116018		3.831702544
OTU8		2.472222222	12.55128205		2.008205128		5.282374101	2.645945946	12.21840874	10.13195343	3.347008547	23.23269611	34.69873418	
OTU8007	1.686477175				10.04102564			2.645945946					4.956962025	
OTU8016							8.803956835	13.22972973	3.054602184			2.581410679		
OTU8032				3.358490566	2.008205128	3.030959752			3.054602184					
OTU8036	3.37295435						1.760791367	2.645945946	3.054602184			1.290705339		3.831702544
OTU8061								2.645945946		2.532988357		1.290705339		3.831702544
OTU8085					2.008205128			10.58378378	3.054602184		3.347008547		4.956962025	
OTU81	1.686477175				4.016410256	3.030959752					3.347008547		4.956962025	3.831702544
OTU8111	13.4918174	2.472222222				3.030959752		2.645945946						
OTU8114					4.016410256				9.163806552	2.532988357	16.73504274	2.581410679		
OTU818	1.686477175	4.944444444			2.008205128				3.054602184	2.532988357	10.04102564	3.872116018	4.956962025	
OTU8194										5.065976714	10.04102564	1.290705339	4.956962025	
OTU8216							1.760791367	2.645945946			3.347008547	1.290705339		
OTU8221		2.472222222					3.521582734				3.347008547		4.956962025	
OTU830					4.016410256			2.645945946	3.054602184	2.532988357		2.581410679		
OTU8310									3.054602184		3.347008547	1.290705339		3.831702544
OTU8313			4.183760684		2.008205128			2.645945946			3.347008547			3.831702544
OTU832	1.686477175				2.008205128		7.043165468	2.645945946	6.109204368			1.290705339		
OTU8334	1.686477175		4.183760684		2.008205128	3.030959752		2.645945946	3.054602184		3.347008547			
OTU8373										5.065976714	3.347008547	1.290705339		11.49510763
OTU8382							3.521582734				6.694017094		9.913924051	7.663405088
OTU8405								2.645945946	3.054602184			3.872116018		3.831702544
OTU842	1.686477175	4.944444444				15.15479876	3.521582734		3.054602184			2.581410679		
OTU8428										2.532988357	10.04102564	1.290705339	4.956962025	
OTU8558	1.686477175				6.024615385	6.061919505						1.290705339		
OTU8573					2.008205128	3.030959752		2.645945946				1.290705339		3.831702544
OTU858	1.686477175		4.183760684	3.358490566			3.521582734							
OTU8583			4.183760684			9.092879257	3.521582734		3.054602184		3.347008547			
OTU8619	3.37295435	2.472222222	4.183760684		6.024615385							2.581410679		
OTU867		4.944444444	8.367521368	3.358490566	14.0574359							1.290705339	4.956962025	
OTU869		4.944444444	8.367521368			3.030959752	3.521582734							
OTU8715					2.008205128		1.760791367	7.937837838				1.290705339		
OTU8721			4.183760684				3.521582734	2.645945946	24.43681747					
OTU8767	1.686477175					3.030959752	1.760791367					7.744232037		3.831702544
OTU877		4.944444444		3.358490566			1.760791367	2.645945946	3.054602184	10.13195343	10.04102564	2.581410679		
OTU8803	1.686477175										3.347008547	1.290705339	4.956962025	
OTU8826	1.686477175					3.030959752			3.054602184			1.290705339		
OTU884		4.944444444		3.358490566	2.008205128	6.061919505			6.109204368					
OTU8847							1.760791367					5.162821358	4.956962025	3.831702544
OTU885						3.030959752				10.13195343	3.347008547			7.663405088
OTU8868						6.061919505	1.760791367	2.645945946	3.054602184			1.290705339		3.831702544
OTU8896					2.008205128						3.347008547	1.290705339		3.831702544
OTU890		2.472222222	8.367521368		4.016410256	3.030959752		2.645945946						7.663405088
OTU8925		2.472222222	8.367521368	6.716981132				2.645945946				1.290705339		
OTU896					2.008205128		1.760791367		3.054602184	2.532988357	3.347008547	7.744232037		11.49510763
OTU8973							1.760791367		3.054602184			2.581410679		3.831702544
OTU898				3.358490566			1.760791367		3.054602184	2.532988357	3.347008547	1.290705339		3.831702544
OTU901	1.686477175				10.04102564		1.760791367	10.58378378		7.598965071		3.872116018	4.956962025	3.831702544
OTU902	1.686477175	4.944444444		3.358490566		3.030959752	3.521582734				6.694017094			
OTU9021			4.183760684						3.054602184	2.532988357			4.956962025	3.831702544
OTU904					2.008205128		1.760791367					1.290705339	4.956962025	
OTU9042	1.686477175			3.358490566		3.030959752	1.760791367					2.581410679		
OTU9119				3.358490566	2.008205128		3.521582734	7.937837838				1.290705339		
OTU9146					2.008205128					5.065976714		2.581410679	4.956962025	3.831702544
OTU9168	3.37295435		4.183760684	3.358490566			1.760791367	2.645945946						
OTU9175	6.745908699				2.008205128	3.030959752	1.760791367		6.109204368					
OTU9186		2.472222222		3.358490566					3.054602184	2.532988357		1.290705339		
OTU9209	1.686477175	7.416666667			2.008205128	3.030959752				2.532988357				
OTU9225	1.686477175			3.358490566		3.030959752						1.290705339		
OTU929			4.183760684		2.008205128						3.347008547	1.290705339		
OTU9310										2.532988357	3.347008547	1.290705339		3.831702544
OTU934	3.37295435						3.521582734					1.290705339		7.663405088
OTU938	3.37295435	2.472222222			2.008205128	3.030959752		2.645945946		2.532988357	3.347008547	7.744232037		38.31702544
OTU945		2.472222222		3.358490566	2.008205128	3.030959752								
OTU9486	8.432385874		4.183760684			3.030959752	1.760791367							7.663405088
OTU949	3.37295435					3.030959752	1.760791367							7.663405088
OTU95	11.80534022	2.472222222			4.016410256	3.030959752				2.532988357	3.347008547	1.290705339	14.87088608	
OTU9551							1.760791367	2.645945946	3.054602184	2.532988357	16.73504274			3.831702544
OTU9572									3.054602184	2.532988357	3.347008547		4.956962025	
OTU96	3.37295435		4.183760684			6.061919505		2.645945946		2.532988357		2.581410679	9.913924051	11.49510763
OTU962						3.030959752	1.760791367				3.347008547			3.831702544
OTU9656	3.37295435					3.030959752				2.532988357			4.956962025	
OTU9680	1.686477175	2.472222222			4.016410256	3.030959752								
OTU9685					2.008205128	3.030959752					3.347008547	1.290705339		
OTU9729		7.416666667	12.55128205		2.008205128			2.645945946				2.581410679		
OTU974	1.686477175			3.358490566									4.956962025	3.831702544
OTU9746	1.686477175							2.645945946				1.290705339		7.663405088
OTU9751					2.008205128	9.092879257	1.760791367		3.054602184					
OTU977										2.532988357	3.347008547		4.956962025	3.831702544
OTU978	6.745908699			3.358490566								3.872116018		3.831702544
OTU980					2.008205128			2.645945946		2.532988357	3.347008547	1.290705339		
OTU983		2.472222222	8.367521368		4.016410256		3.521582734		6.109204368	10.13195343	10.04102564	2.581410679	59.4835443	26.82191781
OTU984	1.686477175				2.008205128		3.521582734			15.19793014	6.694017094	1.290705339		
OTU9872	3.37295435			3.358490566				2.645945946						3.831702544
OTU990	1.686477175							2.645945946	3.054602184			2.581410679	9.913924051	
OTU996	1.686477175									2.532988357	6.694017094			3.831702544
OTU998										50.65976714	6.694017094	14.19775873		11.49510763
